t	1	2	3
0	0	0.5	1
1	0	0.25	1
2	0	0.125	1
3	0.0625	0.125	1
4	0.0625	0.5625	1
5	0.0625	0.78125	1
6	0.0625	0.890625	1
7	0.0625	0.890625	0.9453125
8	0.0625	0.4765625	0.9453125
9	0.0625	0.26953125	0.9453125
10	0.0625	0.166015625	0.9453125
11	0.1142578125	0.166015625	0.9453125
12	0.1142578125	0.5556640625	0.9453125
13	0.1142578125	0.75048828125	0.9453125
14	0.1142578125	0.847900390625	0.9453125
15	0.1142578125	0.8966064453125	0.9453125
16	0.1142578125	0.8966064453125	0.92095947265625
17	0.1142578125	0.50543212890625	0.92095947265625
18	0.1142578125	0.309844970703125	0.92095947265625
19	0.1142578125	0.2120513916015625	0.92095947265625
20	0.1142578125	0.16315460205078125	0.92095947265625
21	0.13870620727539062	0.16315460205078125	0.92095947265625
22	0.13870620727539062	0.5420570373535156	0.92095947265625
23	0.13870620727539062	0.7315082550048828	0.92095947265625
24	0.13870620727539062	0.8262338638305664	0.92095947265625
25	0.13870620727539062	0.8735966682434082	0.92095947265625
26	0.13870620727539062	0.8972780704498291	0.92095947265625
27	0.13870620727539062	0.8972780704498291	0.9091187715530396
28	0.13870620727539062	0.5179921388626099	0.9091187715530396
29	0.13870620727539062	0.32834917306900024	0.9091187715530396
30	0.13870620727539062	0.23352769017219543	0.9091187715530396
31	0.13870620727539062	0.18611694872379303	0.9091187715530396
32	0.13870620727539062	0.16241157799959183	0.9091187715530396
33	0.15055889263749123	0.16241157799959183	0.9091187715530396
34	0.15055889263749123	0.5357651747763157	0.9091187715530396
35	0.15055889263749123	0.7224419731646776	0.9091187715530396
36	0.15055889263749123	0.8157803723588586	0.9091187715530396
37	0.15055889263749123	0.8624495719559491	0.9091187715530396
38	0.15055889263749123	0.8857841717544943	0.9091187715530396
39	0.15055889263749123	0.8974514716537669	0.9091187715530396
40	0.15055889263749123	0.8974514716537669	0.9032851216034032
41	0.15055889263749123	0.5240051821456291	0.9032851216034032
42	0.15055889263749123	0.33728203739156015	0.9032851216034032
43	0.15055889263749123	0.2439204650145257	0.9032851216034032
44	0.15055889263749123	0.19723967882600846	0.9032851216034032
45	0.15055889263749123	0.17389928573174984	0.9032851216034032
46	0.15055889263749123	0.16222908918462053	0.9032851216034032
47	0.15639399091105588	0.16222908918462053	0.9032851216034032
48	0.15639399091105588	0.5327571053940119	0.9032851216034032
49	0.15639399091105588	0.7180211134987076	0.9032851216034032
50	0.15639399091105588	0.8106531175510554	0.9032851216034032
51	0.15639399091105588	0.8569691195772293	0.9032851216034032
52	0.15639399091105588	0.8801271205903163	0.9032851216034032
53	0.15639399091105588	0.8917061210968598	0.9032851216034032
54	0.15639399091105588	0.8974956213501315	0.9032851216034032
55	0.15639399091105588	0.8974956213501315	0.9003903714767674
56	0.15639399091105588	0.5269448061305937	0.9003903714767674
57	0.15639399091105588	0.3416693985208248	0.9003903714767674
58	0.15639399091105588	0.24903169471594033	0.9003903714767674
59	0.15639399091105588	0.2027128428134981	0.9003903714767674
60	0.15639399091105588	0.179553416862277	0.9003903714767674
61	0.15639399091105588	0.16797370388666644	0.9003903714767674
62	0.15639399091105588	0.16218384739886116	0.9003903714767674
63	0.15928891915495852	0.16218384739886116	0.9003903714767674
64	0.15928891915495852	0.5312871094378142	0.9003903714767674
65	0.15928891915495852	0.7158387404572908	0.9003903714767674
66	0.15928891915495852	0.8081145559670291	0.9003903714767674
67	0.15928891915495852	0.8542524637218982	0.9003903714767674
68	0.15928891915495852	0.8773214175993328	0.9003903714767674
69	0.15928891915495852	0.88885589453805	0.9003903714767674
70	0.15928891915495852	0.8946231330074087	0.9003903714767674
71	0.15928891915495852	0.8975067522420881	0.9003903714767674
72	0.15928891915495852	0.8975067522420881	0.8989485618594277
73	0.15928891915495852	0.5283978356985233	0.8989485618594277
74	0.15928891915495852	0.34384337742674087	0.8989485618594277
75	0.15928891915495852	0.25156614829084967	0.8989485618594277
76	0.15928891915495852	0.2054275337229041	0.8989485618594277
77	0.15928891915495852	0.1823582264389313	0.8989485618594277
78	0.15928891915495852	0.1708235727969449	0.8989485618594277
79	0.15928891915495852	0.1650562459759517	0.8989485618594277
80	0.15928891915495852	0.1621725825654551	0.8989485618594277
81	0.16073075086020683	0.1621725825654551	0.8989485618594277
82	0.16073075086020683	0.5305605722124415	0.8989485618594277
83	0.16073075086020683	0.7147545670359345	0.8989485618594277
84	0.16073075086020683	0.8068515644476811	0.8989485618594277
85	0.16073075086020683	0.8529000631535544	0.8989485618594277
86	0.16073075086020683	0.875924312506491	0.8989485618594277
87	0.16073075086020683	0.8874364371829594	0.8989485618594277
88	0.16073075086020683	0.8931924995211935	0.8989485618594277
89	0.16073075086020683	0.8960705306903106	0.8989485618594277
90	0.16073075086020683	0.8975095462748692	0.8989485618594277
91	0.16073075086020683	0.8975095462748692	0.8982290540671485
92	0.16073075086020683	0.5291201485675381	0.8982290540671485
93	0.16073075086020683	0.34492544971387246	0.8982290540671485
94	0.16073075086020683	0.2528281002870396	0.8982290540671485
95	0.16073075086020683	0.20677942557362322	0.8982290540671485
96	0.16073075086020683	0.18375508821691502	0.8982290540671485
97	0.16073075086020683	0.1722429195385609	0.8982290540671485
98	0.16073075086020683	0.16648683519938387	0.8982290540671485
99	0.16073075086020683	0.16360879302979536	0.8982290540671485
100	0.16073075086020683	0.1621697719450011	0.8982290540671485
101	0.16145026140260396	0.1621697719450011	0.8982290540671485
102	0.16145026140260396	0.5301994130060748	0.8982290540671485
103	0.16145026140260396	0.7142142335366116	0.8982290540671485
104	0.16145026140260396	0.8062216438018801	0.8982290540671485
105	0.16145026140260396	0.8522253489345143	0.8982290540671485
106	0.16145026140260396	0.8752272015008313	0.8982290540671485
107	0.16145026140260396	0.8867281277839899	0.8982290540671485
108	0.16145026140260396	0.8924785909255692	0.8982290540671485
109	0.16145026140260396	0.8953538224963589	0.8982290540671485
110	0.16145026140260396	0.8967914382817537	0.8982290540671485
111	0.16145026140260396	0.8975102461744511	0.8982290540671485
112	0.16145026140260396	0.8975102461744511	0.8978696501207998
113	0.16145026140260396	0.5294802537885275	0.8978696501207998
114	0.16145026140260396	0.34546525759556573	0.8978696501207998
115	0.16145026140260396	0.25345775949908483	0.8978696501207998
116	0.16145026140260396	0.20745401045084438	0.8978696501207998
117	0.16145026140260396	0.18445213592672416	0.8978696501207998
118	0.16145026140260396	0.17295119866466407	0.8978696501207998
119	0.16145026140260396	0.167200730033634	0.8978696501207998
120	0.16145026140260396	0.164325495718119	0.8978696501207998
121	0.16145026140260396	0.16288787856036147	0.8978696501207998
122	0.16145026140260396	0.16216906998148273	0.8978696501207998
123	0.16180966569204336	0.16216906998148273	0.8978696501207998
124	0.16180966569204336	0.5300193600511413	0.8978696501207998
125	0.16180966569204336	0.7139445050859705	0.8978696501207998
126	0.16180966569204336	0.8059070776033852	0.8978696501207998
127	0.16180966569204336	0.8518883638620924	0.8978696501207998
128	0.16180966569204336	0.874879006991446	0.8978696501207998
129	0.16180966569204336	0.886374328556123	0.8978696501207998
130	0.16180966569204336	0.8921219893384613	0.8978696501207998
131	0.16180966569204336	0.8949958197296306	0.8978696501207998
132	0.16180966569204336	0.8964327349252152	0.8978696501207998
133	0.16180966569204336	0.8971511925230076	0.8978696501207998
134	0.16180966569204336	0.8975104213219036	0.8978696501207998
135	0.16180966569204336	0.8975104213219036	0.8976900357213518
136	0.16180966569204336	0.5296600435069735	0.8976900357213518
137	0.16180966569204336	0.3457348545995084	0.8976900357213518
138	0.16180966569204336	0.2537722601457759	0.8976900357213518
139	0.16180966569204336	0.20779096291890964	0.8976900357213518
140	0.16180966569204336	0.1848003143054765	0.8976900357213518
141	0.16180966569204336	0.17330498999875993	0.8976900357213518
142	0.16180966569204336	0.16755732784540164	0.8976900357213518
143	0.16180966569204336	0.16468349676872251	0.8976900357213518
144	0.16180966569204336	0.16324658123038294	0.8976900357213518
145	0.16180966569204336	0.16252812346121315	0.8976900357213518
146	0.16180966569204336	0.16216889457662825	0.8976900357213518
147	0.1619892801343358	0.16216889457662825	0.8976900357213518
148	0.1619892801343358	0.52992946514899	0.8976900357213518
149	0.1619892801343358	0.7138097504351708	0.8976900357213518
150	0.1619892801343358	0.8057498930782613	0.8976900357213518
151	0.1619892801343358	0.8517199643998066	0.8976900357213518
152	0.1619892801343358	0.8747050000605792	0.8976900357213518
153	0.1619892801343358	0.8861975178909655	0.8976900357213518
154	0.1619892801343358	0.8919437768061587	0.8976900357213518
155	0.1619892801343358	0.8948169062637552	0.8976900357213518
156	0.1619892801343358	0.8962534709925535	0.8976900357213518
157	0.1619892801343358	0.8969717533569526	0.8976900357213518
158	0.1619892801343358	0.8973308945391522	0.8976900357213518
159	0.1619892801343358	0.8975104651302519	0.8976900357213518
160	0.1619892801343358	0.8975104651302519	0.8976002504258018
161	0.1619892801343358	0.5297498726322939	0.8976002504258018
162	0.1619892801343358	0.34586957638331484	0.8976002504258018
163	0.1619892801343358	0.2539294282588253	0.8976002504258018
164	0.1619892801343358	0.20795935419658057	0.8976002504258018
165	0.1619892801343358	0.1849743171654582	0.8976002504258018
166	0.1619892801343358	0.173481798649897	0.8976002504258018
167	0.1619892801343358	0.16773553939211638	0.8976002504258018
168	0.1619892801343358	0.16486240976322608	0.8976002504258018
169	0.1619892801343358	0.16342584494878093	0.8976002504258018
170	0.1619892801343358	0.16270756254155838	0.8976002504258018
171	0.1619892801343358	0.16234842133794708	0.8976002504258018
172	0.1619892801343358	0.16216885073614146	0.8976002504258018
173	0.16207906543523865	0.16216885073614146	0.8976002504258018
174	0.16207906543523865	0.5298845505809716	0.8976002504258018
175	0.16207906543523865	0.7137424005033868	0.8976002504258018
176	0.16207906543523865	0.8056713254645943	0.8976002504258018
177	0.16207906543523865	0.8516357879451981	0.8976002504258018
178	0.16207906543523865	0.8746180191855	0.8976002504258018
179	0.16207906543523865	0.8861091348056509	0.8976002504258018
180	0.16207906543523865	0.8918546926157264	0.8976002504258018
181	0.16207906543523865	0.894727471520764	0.8976002504258018
182	0.16207906543523865	0.8961638609732829	0.8976002504258018
183	0.16207906543523865	0.8968820556995424	0.8976002504258018
184	0.16207906543523865	0.897241153062672	0.8976002504258018
185	0.16207906543523865	0.8974207017442369	0.8976002504258018
186	0.16207906543523865	0.8975104760850194	0.8976002504258018
187	0.16207906543523865	0.8975104760850194	0.8975553632554106
188	0.16207906543523865	0.529794770760129	0.8975553632554106
189	0.16207906543523865	0.34593691809768384	0.8975553632554106
190	0.16207906543523865	0.25400799176646127	0.8975553632554106
191	0.16207906543523865	0.20804352860084996	0.8975553632554106
192	0.16207906543523865	0.1850612970180443	0.8975553632554106
193	0.16207906543523865	0.17357018122664147	0.8975553632554106
194	0.16207906543523865	0.16782462333094006	0.8975553632554106
195	0.16207906543523865	0.16495184438308935	0.8975553632554106
196	0.16207906543523865	0.163515454909164	0.8975553632554106
197	0.16207906543523865	0.1627972601722013	0.8975553632554106
198	0.16207906543523865	0.16243816280371998	0.8975553632554106
199	0.16207906543523865	0.1622586141194793	0.8975553632554106
200	0.16207906543523865	0.16216883977735896	0.8975553632554106
201	0.1621239526062988	0.16216883977735896	0.8975553632554106
202	0.1621239526062988	0.5298621015163848	0.8975553632554106
203	0.1621239526062988	0.7137087323858977	0.8975553632554106
204	0.1621239526062988	0.8056320478206542	0.8975553632554106
205	0.1621239526062988	0.8515937055380325	0.8975553632554106
206	0.1621239526062988	0.8745745343967215	0.8975553632554106
207	0.1621239526062988	0.8860649488260661	0.8975553632554106
208	0.1621239526062988	0.8918101560407383	0.8975553632554106
209	0.1621239526062988	0.8946827596480744	0.8975553632554106
210	0.1621239526062988	0.8961190614517425	0.8975553632554106
211	0.1621239526062988	0.8968372123535766	0.8975553632554106
212	0.1621239526062988	0.8971962878044937	0.8975553632554106
213	0.1621239526062988	0.8973758255299522	0.8975553632554106
214	0.1621239526062988	0.8974655943926815	0.8975553632554106
215	0.1621239526062988	0.897510478824046	0.8975553632554106
216	0.1621239526062988	0.897510478824046	0.8975329210397283
217	0.1621239526062988	0.5298172157151724	0.8975329210397283
218	0.1621239526062988	0.34597058416073556	0.8975329210397283
219	0.1621239526062988	0.2540472683835172	0.8975329210397283
220	0.1621239526062988	0.208085610494908	0.8975329210397283
221	0.1621239526062988	0.1851047815506034	0.8975329210397283
222	0.1621239526062988	0.1736143670784511	0.8975329210397283
223	0.1621239526062988	0.16786915984237494	0.8975329210397283
224	0.1621239526062988	0.16499655622433687	0.8975329210397283
225	0.1621239526062988	0.16356025441531785	0.8975329210397283
226	0.1621239526062988	0.16284210351080833	0.8975329210397283
227	0.1621239526062988	0.16248302805855358	0.8975329210397283
228	0.1621239526062988	0.1623034903324262	0.8975329210397283
229	0.1621239526062988	0.1622137214693625	0.8975329210397283
230	0.1621239526062988	0.16216883703783064	0.8975329210397283
231	0.16214639482206472	0.16216883703783064	0.8975329210397283
232	0.16214639482206472	0.5298508790387795	0.8975329210397283
233	0.16214639482206472	0.7136919000392539	0.8975329210397283
234	0.16214639482206472	0.8056124105394911	0.8975329210397283
235	0.16214639482206472	0.8515726657896097	0.8975329210397283
236	0.16214639482206472	0.874552793414669	0.8975329210397283
237	0.16214639482206472	0.8860428572271986	0.8975329210397283
238	0.16214639482206472	0.8917878891334634	0.8975329210397283
239	0.16214639482206472	0.8946604050865958	0.8975329210397283
240	0.16214639482206472	0.896096663063162	0.8975329210397283
241	0.16214639482206472	0.8968147920514451	0.8975329210397283
242	0.16214639482206472	0.8971738565455867	0.8975329210397283
243	0.16214639482206472	0.8973533887926575	0.8975329210397283
244	0.16214639482206472	0.8974431549161929	0.8975329210397283
245	0.16214639482206472	0.8974880379779606	0.8975329210397283
246	0.16214639482206472	0.8975104795088444	0.8975329210397283
247	0.16214639482206472	0.8975104795088444	0.8975217002742863
248	0.16214639482206472	0.5298284371654546	0.8975217002742863
249	0.16214639482206472	0.34598741599375965	0.8975217002742863
250	0.16214639482206472	0.2540669054079122	0.8975217002742863
251	0.16214639482206472	0.20810665011498847	0.8975217002742863
252	0.16214639482206472	0.1851265224685266	0.8975217002742863
253	0.16214639482206472	0.17363645864529564	0.8975217002742863
254	0.16214639482206472	0.16789142673368018	0.8975217002742863
255	0.16214639482206472	0.16501891077787245	0.8975217002742863
256	0.16214639482206472	0.1635826527999686	0.8975217002742863
257	0.16214639482206472	0.16286452381101665	0.8975217002742863
258	0.16214639482206472	0.1625054593165407	0.8975217002742863
259	0.16214639482206472	0.1623259270693027	0.8975217002742863
260	0.16214639482206472	0.16223616094568372	0.8975217002742863
261	0.16214639482206472	0.16219127788387422	0.8975217002742863
262	0.16214639482206472	0.16216883635296947	0.8975217002742863
263	0.1621576155875171	0.16216883635296947	0.8975217002742863
264	0.1621576155875171	0.5298452683136279	0.8975217002742863
265	0.1621576155875171	0.7136834842939571	0.8975217002742863
266	0.1621576155875171	0.8056025922841217	0.8975217002742863
267	0.1621576155875171	0.851562146279204	0.8975217002742863
268	0.1621576155875171	0.8745419232767452	0.8975217002742863
269	0.1621576155875171	0.8860318117755157	0.8975217002742863
270	0.1621576155875171	0.891776756024901	0.8975217002742863
271	0.1621576155875171	0.8946492281495937	0.8975217002742863
272	0.1621576155875171	0.89608546421194	0.8975217002742863
273	0.1621576155875171	0.8968035822431132	0.8975217002742863
274	0.1621576155875171	0.8971626412586997	0.8975217002742863
275	0.1621576155875171	0.897342170766493	0.8975217002742863
276	0.1621576155875171	0.8974319355203897	0.8975217002742863
277	0.1621576155875171	0.897476817897338	0.8975217002742863
278	0.1621576155875171	0.8974992590858122	0.8975217002742863
279	0.1621576155875171	0.8975104796800493	0.8975217002742863
280	0.1621576155875171	0.8975104796800493	0.8975160899771678
281	0.1621576155875171	0.5298340476337832	0.8975160899771678
282	0.1621576155875171	0.3459958316106501	0.8975160899771678
283	0.1621576155875171	0.2540767235990836	0.8975160899771678
284	0.1621576155875171	0.20811716959330034	0.8975160899771678
285	0.1621576155875171	0.18513739259040873	0.8975160899771678
286	0.1621576155875171	0.1736475040889629	0.8975160899771678
287	0.1621576155875171	0.16790255983823998	0.8975160899771678
288	0.1621576155875171	0.16503008771287853	0.8975160899771678
289	0.1621576155875171	0.1635938516501978	0.8975160899771678
290	0.1621576155875171	0.16287573361885743	0.8975160899771678
291	0.1621576155875171	0.16251667460318725	0.8975160899771678
292	0.1621576155875171	0.1623371450953522	0.8975160899771678
293	0.1621576155875171	0.16224738034143465	0.8975160899771678
294	0.1621576155875171	0.1622024979644759	0.8975160899771678
295	0.1621576155875171	0.1621800567759965	0.8975160899771678
296	0.1621576155875171	0.16216883618175681	0.8975160899771678
297	0.16216322588463694	0.16216883618175681	0.8975160899771678
298	0.16216322588463694	0.5298424630794623	0.8975160899771678
299	0.16216322588463694	0.7136792765283151	0.8975160899771678
300	0.16216322588463694	0.8055976832527414	0.8975160899771678
301	0.16216322588463694	0.8515568866149545	0.8975160899771678
302	0.16216322588463694	0.8745364882960611	0.8975160899771678
303	0.16216322588463694	0.8860262891366144	0.8975160899771678
304	0.16216322588463694	0.8917711895568912	0.8975160899771678
305	0.16216322588463694	0.8946436397670294	0.8975160899771678
306	0.16216322588463694	0.8960798648720987	0.8975160899771678
307	0.16216322588463694	0.8967979774246333	0.8975160899771678
308	0.16216322588463694	0.8971570337009005	0.8975160899771678
309	0.16216322588463694	0.8973365618390341	0.8975160899771678
310	0.16216322588463694	0.897426325908101	0.8975160899771678
311	0.16216322588463694	0.8974712079426344	0.8975160899771678
312	0.16216322588463694	0.897493648959901	0.8975160899771678
313	0.16216322588463694	0.8975048694685344	0.8975160899771678
314	0.16216322588463694	0.897510479722851	0.8975160899771678
315	0.16216322588463694	0.897510479722851	0.8975132848500094
316	0.16216322588463694	0.529836852803744	0.8975132848500094
317	0.16216322588463694	0.3460000393441905	0.8975132848500094
318	0.16216322588463694	0.25408163261441374	0.8975132848500094
319	0.16216322588463694	0.20812242924952534	0.8975132848500094
320	0.16216322588463694	0.18514282756708114	0.8975132848500094
321	0.16216322588463694	0.17365302672585903	0.8975132848500094
322	0.16216322588463694	0.16790812630524798	0.8975132848500094
323	0.16216322588463694	0.16503567609494246	0.8975132848500094
324	0.16216322588463694	0.1635994509897897	0.8975132848500094
325	0.16216322588463694	0.1628813384372133	0.8975132848500094
326	0.16216322588463694	0.16252228216092512	0.8975132848500094
327	0.16216322588463694	0.16234275402278103	0.8975132848500094
328	0.16216322588463694	0.162252989953709	0.8975132848500094
329	0.16216322588463694	0.16220810791917295	0.8975132848500094
330	0.16216322588463694	0.16218566690190495	0.8975132848500094
331	0.16216322588463694	0.16217444639327094	0.8975132848500094
332	0.16216322588463694	0.16216883613895394	0.8975132848500094
333	0.16216603101179544	0.16216883613895394	0.8975132848500094
334	0.16216603101179544	0.5298410604944817	0.8975132848500094
335	0.16216603101179544	0.7136771726722455	0.8975132848500094
336	0.16216603101179544	0.8055952287611274	0.8975132848500094
337	0.16216603101179544	0.8515542568055684	0.8975132848500094
338	0.16216603101179544	0.8745337708277889	0.8975132848500094
339	0.16216603101179544	0.8860235278388991	0.8975132848500094
340	0.16216603101179544	0.8917684063444542	0.8975132848500094
341	0.16216603101179544	0.8946408455972318	0.8975132848500094
342	0.16216603101179544	0.8960770652236205	0.8975132848500094
343	0.16216603101179544	0.8967951750368149	0.8975132848500094
344	0.16216603101179544	0.8971542299434121	0.8975132848500094
345	0.16216603101179544	0.8973337573967107	0.8975132848500094
346	0.16216603101179544	0.8974235211233601	0.8975132848500094
347	0.16216603101179544	0.8974684029866847	0.8975132848500094
348	0.16216603101179544	0.8974908439183471	0.8975132848500094
349	0.16216603101179544	0.8975020643841782	0.8975132848500094
350	0.16216603101179544	0.8975076746170938	0.8975132848500094
351	0.16216603101179544	0.8975104797335516	0.8975132848500094
352	0.16216603101179544	0.8975104797335516	0.8975118822917805
353	0.16216603101179544	0.5298382553726735	0.8975118822917805
354	0.16216603101179544	0.34600214319223443	0.8975118822917805
355	0.16216603101179544	0.2540840871020149	0.8975118822917805
356	0.16216603101179544	0.20812505905690518	0.8975118822917805
357	0.16216603101179544	0.18514554503435032	0.8975118822917805
358	0.16216603101179544	0.17365578802307288	0.8975118822917805
359	0.16216603101179544	0.16791090951743415	0.8975118822917805
360	0.16216603101179544	0.1650384702646148	0.8975118822917805
361	0.16216603101179544	0.1636022506382051	0.8975118822917805
362	0.16216603101179544	0.16288414082500027	0.8975118822917805
363	0.16216603101179544	0.16252508591839787	0.8975118822917805
364	0.16216603101179544	0.16234555846509666	0.8975118822917805
365	0.16216603101179544	0.16225579473844604	0.8975118822917805
366	0.16216603101179544	0.16221091287512074	0.8975118822917805
367	0.16216603101179544	0.1621884719434581	0.8975118822917805
368	0.16216603101179544	0.16217725147762677	0.8975118822917805
369	0.16216603101179544	0.16217164124471112	0.8975118822917805
370	0.16216603101179544	0.16216883612825328	0.8975118822917805
371	0.16216743357002436	0.16216883612825328	0.8975118822917805
372	0.16216743357002436	0.5298403592100169	0.8975118822917805
373	0.16216743357002436	0.7136761207508987	0.8975118822917805
374	0.16216743357002436	0.8055940015213396	0.8975118822917805
375	0.16216743357002436	0.8515529419065601	0.8975118822917805
376	0.16216743357002436	0.8745324120991702	0.8975118822917805
377	0.16216743357002436	0.8860221471954753	0.8975118822917805
378	0.16216743357002436	0.8917670147436279	0.8975118822917805
379	0.16216743357002436	0.8946394485177042	0.8975118822917805
380	0.16216743357002436	0.8960756654047424	0.8975118822917805
381	0.16216743357002436	0.8967937738482614	0.8975118822917805
382	0.16216743357002436	0.897152828070021	0.8975118822917805
383	0.16216743357002436	0.8973323551809007	0.8975118822917805
384	0.16216743357002436	0.8974221187363406	0.8975118822917805
385	0.16216743357002436	0.8974670005140606	0.8975118822917805
386	0.16216743357002436	0.8974894414029205	0.8975118822917805
387	0.16216743357002436	0.8975006618473504	0.8975118822917805
388	0.16216743357002436	0.8975062720695655	0.8975118822917805
389	0.16216743357002436	0.897509077180673	0.8975118822917805
390	0.16216743357002436	0.8975104797362268	0.8975118822917805
391	0.16216743357002436	0.8975104797362268	0.8975111810140036
392	0.16216743357002436	0.5298389566531255	0.8975111810140036
393	0.16216743357002436	0.34600319511157496	0.8975111810140036
394	0.16216743357002436	0.2540853143407997	0.8975111810140036
395	0.16216743357002436	0.208126373955412	0.8975111810140036
396	0.16216743357002436	0.1851469037627182	0.8975111810140036
397	0.16216743357002436	0.17365716866637126	0.8975111810140036
398	0.16216743357002436	0.16791230111819783	0.8975111810140036
399	0.16216743357002436	0.16503986734411108	0.8975111810140036
400	0.16216743357002436	0.1636036504570677	0.8975111810140036
401	0.16216743357002436	0.16288554201354605	0.8975111810140036
402	0.16216743357002436	0.1625264877917852	0.8975111810140036
403	0.16216743357002436	0.16234696068090476	0.8975111810140036
404	0.16216743357002436	0.16225719712546455	0.8975111810140036
405	0.16216743357002436	0.16221231534774444	0.8975111810140036
406	0.16216743357002436	0.1621898744588844	0.8975111810140036
407	0.16216743357002436	0.16217865401445436	0.8975111810140036
408	0.16216743357002436	0.16217304379223935	0.8975111810140036
409	0.16216743357002436	0.16217023868113184	0.8975111810140036
410	0.16216743357002436	0.1621688361255781	0.8975111810140036
411	0.16216813484780124	0.1621688361255781	0.8975111810140036
412	0.16216813484780124	0.5298400085697909	0.8975111810140036
413	0.16216813484780124	0.7136755947918972	0.8975111810140036
414	0.16216813484780124	0.8055933879029504	0.8975111810140036
415	0.16216813484780124	0.8515522844584771	0.8975111810140036
416	0.16216813484780124	0.8745317327362403	0.8975111810140036
417	0.16216813484780124	0.8860214568751219	0.8975111810140036
418	0.16216813484780124	0.8917663189445628	0.8975111810140036
419	0.16216813484780124	0.8946387499792832	0.8975111810140036
420	0.16216813484780124	0.8960749654966433	0.8975111810140036
421	0.16216813484780124	0.8967930732553235	0.8975111810140036
422	0.16216813484780124	0.8971521271346636	0.8975111810140036
423	0.16216813484780124	0.8973316540743337	0.8975111810140036
424	0.16216813484780124	0.8974214175441686	0.8975111810140036
425	0.16216813484780124	0.897466299279086	0.8975111810140036
426	0.16216813484780124	0.8974887401465448	0.8975111810140036
427	0.16216813484780124	0.8974999605802743	0.8975111810140036
428	0.16216813484780124	0.8975055707971389	0.8975111810140036
429	0.16216813484780124	0.8975083759055713	0.8975111810140036
430	0.16216813484780124	0.8975097784597874	0.8975111810140036
431	0.16216813484780124	0.8975104797368956	0.8975111810140036
432	0.16216813484780124	0.8975104797368956	0.8975108303754495
433	0.16216813484780124	0.5298393072923484	0.8975108303754495
434	0.16216813484780124	0.3460037210700748	0.8975108303754495
435	0.16216813484780124	0.25408592795893803	0.8975108303754495
436	0.16216813484780124	0.20812703140336963	0.8975108303754495
437	0.16216813484780124	0.18514758312558544	0.8975108303754495
438	0.16216813484780124	0.17365785898669334	0.8975108303754495
439	0.16216813484780124	0.1679129969172473	0.8975108303754495
440	0.16216813484780124	0.16504056588252425	0.8975108303754495
441	0.16216813484780124	0.16360435036516274	0.8975108303754495
442	0.16216813484780124	0.162886242606482	0.8975108303754495
443	0.16216813484780124	0.1625271887271416	0.8975108303754495
444	0.16216813484780124	0.16234766178747143	0.8975108303754495
445	0.16216813484780124	0.16225789831763632	0.8975108303754495
446	0.16216813484780124	0.16221301658271878	0.8975108303754495
447	0.16216813484780124	0.16219057571526002	0.8975108303754495
448	0.16216813484780124	0.16217935528153063	0.8975108303754495
449	0.16216813484780124	0.16217374506466592	0.8975108303754495
450	0.16216813484780124	0.16217093995623358	0.8975108303754495
451	0.16216813484780124	0.1621695374020174	0.8975108303754495
452	0.16216813484780124	0.16216883612490932	0.8975108303754495
453	0.16216848548635526	0.16216883612490932	0.8975108303754495
454	0.16216848548635526	0.5298398332501795	0.8975108303754495
455	0.16216848548635526	0.7136753318128145	0.8975108303754495
456	0.16216848548635526	0.8055930810941321	0.8975108303754495
457	0.16216848548635526	0.8515519557347908	0.8975108303754495
458	0.16216848548635526	0.8745313930551202	0.8975108303754495
459	0.16216848548635526	0.8860211117152849	0.8975108303754495
460	0.16216848548635526	0.8917659710453671	0.8975108303754495
461	0.16216848548635526	0.8946384007104083	0.8975108303754495
462	0.16216848548635526	0.8960746155429289	0.8975108303754495
463	0.16216848548635526	0.8967927229591892	0.8975108303754495
464	0.16216848548635526	0.8971517766673194	0.8975108303754495
465	0.16216848548635526	0.8973313035213845	0.8975108303754495
466	0.16216848548635526	0.8974210669484171	0.8975108303754495
467	0.16216848548635526	0.8974659486619333	0.8975108303754495
468	0.16216848548635526	0.8974883895186914	0.8975108303754495
469	0.16216848548635526	0.8974996099470705	0.8975108303754495
470	0.16216848548635526	0.89750522016126	0.8975108303754495
471	0.16216848548635526	0.8975080252683547	0.8975108303754495
472	0.16216848548635526	0.8975094278219021	0.8975108303754495
473	0.16216848548635526	0.8975101290986758	0.8975108303754495
474	0.16216848548635526	0.8975104797370627	0.8975108303754495
475	0.16216848548635526	0.8975104797370627	0.8975106550562562
476	0.16216848548635526	0.529839482611709	0.8975106550562562
477	0.16216848548635526	0.3460039840490321	0.8975106550562562
478	0.16216848548635526	0.25408623476769365	0.8975106550562562
479	0.16216848548635526	0.20812736012702446	0.8975106550562562
480	0.16216848548635526	0.18514792280668985	0.8975106550562562
481	0.16216848548635526	0.17365820414652255	0.8975106550562562
482	0.16216848548635526	0.1679133448164389	0.8975106550562562
483	0.16216848548635526	0.16504091515139707	0.8975106550562562
484	0.16216848548635526	0.16360470031887617	0.8975106550562562
485	0.16216848548635526	0.1628865929026157	0.8975106550562562
486	0.16216848548635526	0.16252753919448548	0.8975106550562562
487	0.16216848548635526	0.16234801234042037	0.8975106550562562
488	0.16216848548635526	0.1622582489133878	0.8975106550562562
489	0.16216848548635526	0.16221336719987153	0.8975106550562562
490	0.16216848548635526	0.16219092634311338	0.8975106550562562
491	0.16216848548635526	0.16217970591473432	0.8975106550562562
492	0.16216848548635526	0.1621740957005448	0.8975106550562562
493	0.16216848548635526	0.16217129059345003	0.8975106550562562
494	0.16216848548635526	0.16216988803990265	0.8975106550562562
495	0.16216848548635526	0.16216918676312897	0.8975106550562562
496	0.16216848548635526	0.16216883612474212	0.8975106550562562
497	0.1621686608055487	0.16216883612474212	0.8975106550562562
498	0.1621686608055487	0.5298397455904992	0.8975106550562562
499	0.1621686608055487	0.7136752003233777	0.8975106550562562
500	0.1621686608055487	0.8055929276898169	0.8975106550562562
501	0.1621686608055487	0.8515517913730366	0.8975106550562562
502	0.1621686608055487	0.8745312232146464	0.8975106550562562
503	0.1621686608055487	0.8860209391354512	0.8975106550562562
504	0.1621686608055487	0.8917657970958537	0.8975106550562562
505	0.1621686608055487	0.8946382260760549	0.8975106550562562
506	0.1621686608055487	0.8960744405661556	0.8975106550562562
507	0.1621686608055487	0.8967925478112059	0.8975106550562562
508	0.1621686608055487	0.8971516014337311	0.8975106550562562
509	0.1621686608055487	0.8973311282449936	0.8975106550562562
510	0.1621686608055487	0.8974208916506249	0.8975106550562562
511	0.1621686608055487	0.8974657733534406	0.8975106550562562
512	0.1621686608055487	0.8974882142048484	0.8975106550562562
513	0.1621686608055487	0.8974994346305523	0.8975106550562562
514	0.1621686608055487	0.8975050448434042	0.8975106550562562
515	0.1621686608055487	0.8975078499498301	0.8975106550562562
516	0.1621686608055487	0.8975092525030431	0.8975106550562562
517	0.1621686608055487	0.8975099537796496	0.8975106550562562
518	0.1621686608055487	0.8975103044179529	0.8975106550562562
519	0.1621686608055487	0.8975104797371045	0.8975106550562562
520	0.1621686608055487	0.8975104797371045	0.8975105673966803
