t	min	max
0	0.0007546712616485207	0.9992769694757393
20	0.00021999500558045337	0.9977149300548578
40	0.00021999500558045337	0.9977149300548578
60	0.00021999500558045337	0.9977149300548578
80	0.00021999500558045337	0.9977149300548578
100	0.00021999500558045337	0.9977149300548578
120	0.00021999500558045337	0.9977149300548578
140	0.00021999500558045337	0.9977149300548578
160	0.00021999500558045337	0.9977149300548578
180	0.00021999500558045337	0.9977149300548578
200	0.00021999500558045337	0.9977149300548578
220	0.00021999500558045337	0.9977149300548578
240	0.00021999500558045337	0.9977149300548578
260	0.00021999500558045337	0.9977149300548578
280	0.00021999500558045337	0.9964221643634668
300	0.00021999500558045337	0.9964221643634668
320	0.00021999500558045337	0.9964221643634668
340	0.00021999500558045337	0.9964221643634668
360	0.00021999500558045337	0.9964221643634668
380	0.00021999500558045337	0.9964221643634668
400	0.00021999500558045337	0.9964221643634668
420	0.00021999500558045337	0.9964221643634668
440	0.00021999500558045337	0.9964221643634668
460	0.0023639804779959084	0.9964221643634668
480	0.0023639804779959084	0.9964221643634668
500	0.0023639804779959084	0.9964221643634668
520	0.0023639804779959084	0.9964221643634668
540	0.0023639804779959084	0.9964221643634668
560	0.0023639804779959084	0.9964221643634668
580	0.0023639804779959084	0.9964221643634668
600	0.0023639804779959084	0.9964221643634668
620	0.0023639804779959084	0.9964221643634668
640	0.0023639804779959084	0.9964221643634668
660	0.0023639804779959084	0.9964221643634668
680	0.0023639804779959084	0.9964221643634668
700	0.0023639804779959084	0.9964221643634668
720	0.0023639804779959084	0.9964221643634668
740	0.0023639804779959084	0.9964221643634668
760	0.0023639804779959084	0.9964221643634668
780	0.0023639804779959084	0.9964221643634668
800	0.0023639804779959084	0.9964221643634668
820	0.0023639804779959084	0.9964221643634668
840	0.0023639804779959084	0.9964221643634668
860	0.0023639804779959084	0.9964221643634668
880	0.0023639804779959084	0.9964221643634668
900	0.0023639804779959084	0.9964221643634668
920	0.0023639804779959084	0.9964221643634668
940	0.0023639804779959084	0.9964221643634668
960	0.0023639804779959084	0.9964221643634668
980	0.0023639804779959084	0.9964221643634668
1000	0.0023639804779959084	0.9964221643634668
1020	0.0023639804779959084	0.995841338779271
1040	0.0023639804779959084	0.995841338779271
1060	0.0023639804779959084	0.995841338779271
1080	0.0023639804779959084	0.995841338779271
1100	0.0023639804779959084	0.995841338779271
1120	0.0023639804779959084	0.995841338779271
1140	0.0024856258165604217	0.995841338779271
1160	0.0024856258165604217	0.995841338779271
1180	0.0024856258165604217	0.995841338779271
1200	0.0024856258165604217	0.995841338779271
1220	0.0024856258165604217	0.995841338779271
1240	0.0024856258165604217	0.995841338779271
1260	0.0024856258165604217	0.995841338779271
1280	0.0024856258165604217	0.9955966491625644
1300	0.0024856258165604217	0.9955966491625644
1320	0.0024856258165604217	0.9955966491625644
1340	0.0024856258165604217	0.9955966491625644
1360	0.0024856258165604217	0.9955966491625644
1380	0.0024856258165604217	0.9955966491625644
1400	0.0024856258165604217	0.9955966491625644
1420	0.0024856258165604217	0.9955966491625644
1440	0.0024856258165604217	0.9955966491625644
1460	0.0024856258165604217	0.9955966491625644
1480	0.0024856258165604217	0.9955966491625644
1500	0.0024856258165604217	0.9955966491625644
1520	0.0024856258165604217	0.9955966491625644
1540	0.0024856258165604217	0.9955966491625644
1560	0.0024856258165604217	0.9955966491625644
1580	0.0024856258165604217	0.9955966491625644
1600	0.0024856258165604217	0.9955966491625644
1620	0.0024856258165604217	0.9955966491625644
1640	0.0024856258165604217	0.9955966491625644
1660	0.0024856258165604217	0.9955966491625644
1680	0.0024856258165604217	0.9955966491625644
1700	0.0024856258165604217	0.9955966491625644
1720	0.0024856258165604217	0.9955966491625644
1740	0.0024856258165604217	0.9955966491625644
1760	0.0024856258165604217	0.9955966491625644
1780	0.0024856258165604217	0.9955966491625644
1800	0.0024856258165604217	0.9955966491625644
1820	0.0024856258165604217	0.9955966491625644
1840	0.0024856258165604217	0.9955966491625644
1860	0.0024856258165604217	0.9955966491625644
1880	0.0024856258165604217	0.9955966491625644
1900	0.0024856258165604217	0.9955966491625644
1920	0.0024856258165604217	0.9955966491625644
1940	0.0024856258165604217	0.9955966491625644
1960	0.0024856258165604217	0.9955966491625644
1980	0.0024856258165604217	0.9955966491625644
2000	0.0024856258165604217	0.9955966491625644
2020	0.0024856258165604217	0.9955966491625644
2040	0.0024856258165604217	0.9955966491625644
2060	0.0024856258165604217	0.9955966491625644
2080	0.0024856258165604217	0.9955966491625644
2100	0.0024856258165604217	0.9955966491625644
2120	0.0024856258165604217	0.9955966491625644
2140	0.0024856258165604217	0.9955966491625644
2160	0.0024856258165604217	0.9955966491625644
2180	0.0024856258165604217	0.9955966491625644
2200	0.0024856258165604217	0.9949638482730205
2220	0.0024856258165604217	0.9949638482730205
2240	0.0024856258165604217	0.9949638482730205
2260	0.0024856258165604217	0.9949638482730205
2280	0.0024856258165604217	0.9949638482730205
2300	0.0024856258165604217	0.9949638482730205
2320	0.0024856258165604217	0.9949638482730205
2340	0.0024856258165604217	0.9949638482730205
2360	0.0024856258165604217	0.9949638482730205
2380	0.0024856258165604217	0.9949638482730205
2400	0.0024856258165604217	0.9949638482730205
2420	0.0024856258165604217	0.9949638482730205
2440	0.0024856258165604217	0.9949638482730205
2460	0.0024856258165604217	0.9949638482730205
2480	0.0024856258165604217	0.9949638482730205
2500	0.0024856258165604217	0.9949638482730205
2520	0.0024856258165604217	0.9949638482730205
2540	0.0024856258165604217	0.9949638482730205
2560	0.0024856258165604217	0.9949638482730205
2580	0.0024856258165604217	0.9949638482730205
2600	0.029317334171297338	0.9949638482730205
2620	0.029317334171297338	0.9949638482730205
2640	0.029317334171297338	0.9949638482730205
2660	0.029317334171297338	0.9949638482730205
2680	0.029317334171297338	0.9949638482730205
2700	0.029317334171297338	0.9949638482730205
2720	0.029317334171297338	0.9949638482730205
2740	0.029317334171297338	0.9949638482730205
2760	0.029317334171297338	0.9949638482730205
2780	0.029317334171297338	0.9949638482730205
2800	0.029317334171297338	0.9949638482730205
2820	0.029317334171297338	0.9949638482730205
2840	0.029317334171297338	0.9949638482730205
2860	0.029317334171297338	0.9949638482730205
2880	0.029317334171297338	0.9949638482730205
2900	0.029317334171297338	0.9949638482730205
2920	0.029317334171297338	0.9949638482730205
2940	0.029317334171297338	0.9949638482730205
2960	0.029317334171297338	0.9949638482730205
2980	0.029317334171297338	0.9949638482730205
3000	0.029317334171297338	0.9949638482730205
3020	0.029317334171297338	0.9949638482730205
3040	0.029317334171297338	0.9949638482730205
3060	0.029317334171297338	0.9949638482730205
3080	0.029317334171297338	0.9949638482730205
3100	0.029317334171297338	0.9949638482730205
3120	0.029317334171297338	0.9949638482730205
3140	0.029317334171297338	0.9949638482730205
3160	0.029317334171297338	0.9949638482730205
3180	0.029317334171297338	0.9949638482730205
3200	0.029317334171297338	0.9949638482730205
3220	0.029317334171297338	0.9949638482730205
3240	0.029317334171297338	0.985178558557097
3260	0.029317334171297338	0.985178558557097
3280	0.029317334171297338	0.985178558557097
3300	0.029317334171297338	0.985178558557097
3320	0.029317334171297338	0.985178558557097
3340	0.029317334171297338	0.985178558557097
3360	0.029317334171297338	0.985178558557097
3380	0.029317334171297338	0.985178558557097
3400	0.029317334171297338	0.985178558557097
3420	0.029317334171297338	0.985178558557097
3440	0.029317334171297338	0.985178558557097
3460	0.029317334171297338	0.985178558557097
3480	0.029317334171297338	0.985178558557097
3500	0.029317334171297338	0.985178558557097
3520	0.029317334171297338	0.985178558557097
3540	0.029317334171297338	0.985178558557097
3560	0.029317334171297338	0.985178558557097
3580	0.029317334171297338	0.9137834084400391
3600	0.029317334171297338	0.9137834084400391
3620	0.029317334171297338	0.9137834084400391
3640	0.029317334171297338	0.9137834084400391
3660	0.029317334171297338	0.9137834084400391
3680	0.029317334171297338	0.9137834084400391
3700	0.029317334171297338	0.9137834084400391
3720	0.030478891099296468	0.9137834084400391
3740	0.030478891099296468	0.9137834084400391
3760	0.030478891099296468	0.8846000889819594
3780	0.030478891099296468	0.8846000889819594
3800	0.030478891099296468	0.8846000889819594
3820	0.030478891099296468	0.8846000889819594
3840	0.030478891099296468	0.8846000889819594
3860	0.030478891099296468	0.8846000889819594
3880	0.030478891099296468	0.8846000889819594
3900	0.030478891099296468	0.8846000889819594
3920	0.030478891099296468	0.8846000889819594
3940	0.030478891099296468	0.8846000889819594
3960	0.030478891099296468	0.8846000889819594
3980	0.030478891099296468	0.8846000889819594
4000	0.030478891099296468	0.8846000889819594
4020	0.030478891099296468	0.8846000889819594
4040	0.030478891099296468	0.8846000889819594
4060	0.030478891099296468	0.8846000889819594
4080	0.030478891099296468	0.8846000889819594
4100	0.030478891099296468	0.8846000889819594
4120	0.030478891099296468	0.8846000889819594
4140	0.030478891099296468	0.8846000889819594
4160	0.030478891099296468	0.8846000889819594
4180	0.030478891099296468	0.8846000889819594
4200	0.030478891099296468	0.8846000889819594
4220	0.030478891099296468	0.8846000889819594
4240	0.030478891099296468	0.8846000889819594
4260	0.030478891099296468	0.8846000889819594
4280	0.030478891099296468	0.8846000889819594
4300	0.03226083728367202	0.8846000889819594
4320	0.03226083728367202	0.8846000889819594
4340	0.03226083728367202	0.8846000889819594
4360	0.03226083728367202	0.8846000889819594
4380	0.03226083728367202	0.8846000889819594
4400	0.03226083728367202	0.8846000889819594
4420	0.03226083728367202	0.8846000889819594
4440	0.03226083728367202	0.8846000889819594
4460	0.03226083728367202	0.8846000889819594
4480	0.03226083728367202	0.8846000889819594
4500	0.03226083728367202	0.8846000889819594
4520	0.03226083728367202	0.8846000889819594
4540	0.03226083728367202	0.8846000889819594
4560	0.03226083728367202	0.8846000889819594
4580	0.03226083728367202	0.8846000889819594
4600	0.03226083728367202	0.8846000889819594
4620	0.03226083728367202	0.8846000889819594
4640	0.03226083728367202	0.8846000889819594
4660	0.03226083728367202	0.8426003388884532
4680	0.03226083728367202	0.8426003388884532
4700	0.03226083728367202	0.8426003388884532
4720	0.03226083728367202	0.8426003388884532
4740	0.03226083728367202	0.8426003388884532
4760	0.03226083728367202	0.8426003388884532
4780	0.03226083728367202	0.8426003388884532
4800	0.03226083728367202	0.8426003388884532
4820	0.03226083728367202	0.8426003388884532
4840	0.03226083728367202	0.8426003388884532
4860	0.03226083728367202	0.8426003388884532
4880	0.03226083728367202	0.8354476593909609
4900	0.03226083728367202	0.8354476593909609
4920	0.03226083728367202	0.8354476593909609
4940	0.03226083728367202	0.8354476593909609
4960	0.03226083728367202	0.8354476593909609
4980	0.03226083728367202	0.8354476593909609
5000	0.03226083728367202	0.8354476593909609
5020	0.03226083728367202	0.8354476593909609
5040	0.03226083728367202	0.8354476593909609
5060	0.08942463028356196	0.8354476593909609
5080	0.08942463028356196	0.8354476593909609
5100	0.08942463028356196	0.8354476593909609
5120	0.08942463028356196	0.8354476593909609
5140	0.08942463028356196	0.8354476593909609
5160	0.08942463028356196	0.8354476593909609
5180	0.10673922900796584	0.8354476593909609
5200	0.10673922900796584	0.8354476593909609
5220	0.10673922900796584	0.8354476593909609
5240	0.10673922900796584	0.8354476593909609
5260	0.11076421837552344	0.8354476593909609
5280	0.11076421837552344	0.8354476593909609
5300	0.11076421837552344	0.8354476593909609
5320	0.11076421837552344	0.8354476593909609
5340	0.11076421837552344	0.8354476593909609
5360	0.11076421837552344	0.8354476593909609
5380	0.11076421837552344	0.8354476593909609
5400	0.11076421837552344	0.8354476593909609
5420	0.11076421837552344	0.8354476593909609
5440	0.11076421837552344	0.8354476593909609
5460	0.11076421837552344	0.8354476593909609
5480	0.11076421837552344	0.8354476593909609
5500	0.11076421837552344	0.8354476593909609
5520	0.11076421837552344	0.8354476593909609
5540	0.11076421837552344	0.8354476593909609
5560	0.11076421837552344	0.8354476593909609
5580	0.11076421837552344	0.8354476593909609
5600	0.11076421837552344	0.8354476593909609
5620	0.11076421837552344	0.8354476593909609
5640	0.11076421837552344	0.8354476593909609
5660	0.11076421837552344	0.8354476593909609
5680	0.11076421837552344	0.8354476593909609
5700	0.11076421837552344	0.8354476593909609
5720	0.11076421837552344	0.8354476593909609
5740	0.11076421837552344	0.8354476593909609
5760	0.11076421837552344	0.8354476593909609
5780	0.11076421837552344	0.8354476593909609
5800	0.11076421837552344	0.8354476593909609
5820	0.11076421837552344	0.8354476593909609
5840	0.11076421837552344	0.8354476593909609
5860	0.11076421837552344	0.8354476593909609
5880	0.11076421837552344	0.8354476593909609
5900	0.11076421837552344	0.8354476593909609
5920	0.11076421837552344	0.8354476593909609
5940	0.11076421837552344	0.8354476593909609
5960	0.11076421837552344	0.8354476593909609
5980	0.11076421837552344	0.8354476593909609
6000	0.11076421837552344	0.8354476593909609
6020	0.11076421837552344	0.8354476593909609
6040	0.11076421837552344	0.8354476593909609
6060	0.11076421837552344	0.8354476593909609
6080	0.11076421837552344	0.8354476593909609
6100	0.11076421837552344	0.8354476593909609
6120	0.11076421837552344	0.8354476593909609
6140	0.11076421837552344	0.8354476593909609
6160	0.11076421837552344	0.8354476593909609
6180	0.11076421837552344	0.8354476593909609
6200	0.11076421837552344	0.8354476593909609
6220	0.11076421837552344	0.8354476593909609
6240	0.11076421837552344	0.8354476593909609
6260	0.11076421837552344	0.8354476593909609
6280	0.11076421837552344	0.8354476593909609
6300	0.11076421837552344	0.8354476593909609
6320	0.11076421837552344	0.8354476593909609
6340	0.11076421837552344	0.8354476593909609
6360	0.11076421837552344	0.8354476593909609
6380	0.11076421837552344	0.8354476593909609
6400	0.11076421837552344	0.8354476593909609
6420	0.11076421837552344	0.8354476593909609
6440	0.11076421837552344	0.8354476593909609
6460	0.11076421837552344	0.8354476593909609
6480	0.11076421837552344	0.8354476593909609
6500	0.11076421837552344	0.8354476593909609
6520	0.11076421837552344	0.8354476593909609
6540	0.11076421837552344	0.8354476593909609
6560	0.11076421837552344	0.8354476593909609
6580	0.11076421837552344	0.8354476593909609
6600	0.11076421837552344	0.8354476593909609
6620	0.11076421837552344	0.8354476593909609
6640	0.11076421837552344	0.7026970448937093
6660	0.11076421837552344	0.7026970448937093
6680	0.11076421837552344	0.7026970448937093
6700	0.11076421837552344	0.7026970448937093
6720	0.11076421837552344	0.7026970448937093
6740	0.11076421837552344	0.7026970448937093
6760	0.11076421837552344	0.7026970448937093
6780	0.11076421837552344	0.7026970448937093
6800	0.11076421837552344	0.7026970448937093
6820	0.11076421837552344	0.7026970448937093
6840	0.11076421837552344	0.7026970448937093
6860	0.11076421837552344	0.7026970448937093
6880	0.11076421837552344	0.7026970448937093
6900	0.11076421837552344	0.7026970448937093
6920	0.11076421837552344	0.7026970448937093
6940	0.11076421837552344	0.7026970448937093
6960	0.11076421837552344	0.7026970448937093
6980	0.11076421837552344	0.7026970448937093
7000	0.11076421837552344	0.7026970448937093
7020	0.11076421837552344	0.7026970448937093
7040	0.11076421837552344	0.7026970448937093
7060	0.11076421837552344	0.7026970448937093
7080	0.11076421837552344	0.7026970448937093
7100	0.11076421837552344	0.7026970448937093
7120	0.11076421837552344	0.7026970448937093
7140	0.11076421837552344	0.7026970448937093
7160	0.11076421837552344	0.7026970448937093
7180	0.11076421837552344	0.7026970448937093
7200	0.11076421837552344	0.7026970448937093
7220	0.11076421837552344	0.7026970448937093
7240	0.11076421837552344	0.691411596783082
7260	0.11076421837552344	0.691411596783082
7280	0.11076421837552344	0.691411596783082
7300	0.13624374887581048	0.6857857452164644
7320	0.13624374887581048	0.6857857452164644
7340	0.13624374887581048	0.6857857452164644
7360	0.13624374887581048	0.6857857452164644
7380	0.13624374887581048	0.6857857452164644
7400	0.13624374887581048	0.659806047277112
7420	0.13624374887581048	0.659806047277112
7440	0.13624374887581048	0.659806047277112
7460	0.13624374887581048	0.659806047277112
7480	0.13624374887581048	0.659806047277112
7500	0.13624374887581048	0.659806047277112
7520	0.13624374887581048	0.659806047277112
7540	0.13624374887581048	0.659806047277112
7560	0.13624374887581048	0.659806047277112
7580	0.13624374887581048	0.659806047277112
7600	0.13624374887581048	0.659806047277112
7620	0.13624374887581048	0.659806047277112
7640	0.13624374887581048	0.659806047277112
7660	0.13624374887581048	0.659806047277112
7680	0.13624374887581048	0.659806047277112
7700	0.13624374887581048	0.659806047277112
7720	0.13624374887581048	0.659806047277112
7740	0.13624374887581048	0.659806047277112
7760	0.13624374887581048	0.659806047277112
7780	0.13624374887581048	0.659806047277112
7800	0.13624374887581048	0.659806047277112
7820	0.13624374887581048	0.659806047277112
7840	0.13624374887581048	0.659806047277112
7860	0.13624374887581048	0.659806047277112
7880	0.13624374887581048	0.659806047277112
7900	0.13624374887581048	0.659806047277112
7920	0.13624374887581048	0.659806047277112
7940	0.13624374887581048	0.659806047277112
7960	0.13624374887581048	0.659806047277112
7980	0.13624374887581048	0.659806047277112
8000	0.13624374887581048	0.659806047277112
8020	0.13624374887581048	0.659806047277112
8040	0.13624374887581048	0.659806047277112
8060	0.13624374887581048	0.659806047277112
8080	0.13624374887581048	0.659806047277112
8100	0.13624374887581048	0.659806047277112
8120	0.13624374887581048	0.659806047277112
8140	0.13624374887581048	0.659806047277112
8160	0.13624374887581048	0.659806047277112
8180	0.13624374887581048	0.659806047277112
8200	0.13624374887581048	0.659806047277112
8220	0.13624374887581048	0.659806047277112
8240	0.13624374887581048	0.659806047277112
8260	0.13624374887581048	0.659806047277112
8280	0.13624374887581048	0.659806047277112
8300	0.13624374887581048	0.659806047277112
8320	0.13624374887581048	0.659806047277112
8340	0.13624374887581048	0.659806047277112
8360	0.13624374887581048	0.659806047277112
8380	0.13624374887581048	0.659806047277112
8400	0.27486789279036544	0.659806047277112
8420	0.27486789279036544	0.659806047277112
8440	0.27486789279036544	0.659806047277112
8460	0.27486789279036544	0.659806047277112
8480	0.27486789279036544	0.659806047277112
8500	0.27486789279036544	0.659806047277112
8520	0.27486789279036544	0.659806047277112
8540	0.27486789279036544	0.659806047277112
8560	0.27486789279036544	0.659806047277112
8580	0.27486789279036544	0.659806047277112
8600	0.27486789279036544	0.659806047277112
8620	0.27486789279036544	0.659806047277112
8640	0.27486789279036544	0.659806047277112
8660	0.27486789279036544	0.659806047277112
8680	0.27486789279036544	0.659806047277112
8700	0.27486789279036544	0.659806047277112
8720	0.2951158557247082	0.659806047277112
8740	0.2951158557247082	0.659806047277112
8760	0.2951158557247082	0.659806047277112
8780	0.2951158557247082	0.659806047277112
8800	0.2951158557247082	0.659806047277112
8820	0.2951158557247082	0.6362652926746672
8840	0.2951158557247082	0.6362652926746672
8860	0.2951158557247082	0.6362652926746672
8880	0.2951158557247082	0.6362652926746672
8900	0.2951158557247082	0.6362652926746672
8920	0.2951158557247082	0.6362652926746672
8940	0.2951158557247082	0.6362652926746672
8960	0.2951158557247082	0.6362652926746672
8980	0.2951158557247082	0.6362652926746672
9000	0.2951158557247082	0.6362652926746672
9020	0.2951158557247082	0.6362652926746672
9040	0.2951158557247082	0.6362652926746672
9060	0.2951158557247082	0.6362652926746672
9080	0.2951158557247082	0.6176240063794873
9100	0.2951158557247082	0.6176240063794873
9120	0.2951158557247082	0.6176240063794873
9140	0.2951158557247082	0.6176240063794873
9160	0.2951158557247082	0.6176240063794873
9180	0.2951158557247082	0.6176240063794873
9200	0.2951158557247082	0.6176240063794873
9220	0.37509326489418215	0.6176240063794873
9240	0.37509326489418215	0.6176240063794873
9260	0.37509326489418215	0.6176240063794873
9280	0.37509326489418215	0.6176240063794873
9300	0.37509326489418215	0.6176240063794873
9320	0.37509326489418215	0.6176240063794873
9340	0.37509326489418215	0.6176240063794873
9360	0.37509326489418215	0.6176240063794873
9380	0.37509326489418215	0.6176240063794873
9400	0.37509326489418215	0.5931639591292969
9420	0.37509326489418215	0.5931639591292969
9440	0.37509326489418215	0.5931639591292969
9460	0.37509326489418215	0.5931639591292969
9480	0.37509326489418215	0.5931639591292969
9500	0.37509326489418215	0.5931639591292969
9520	0.37509326489418215	0.5931639591292969
9540	0.37509326489418215	0.5931639591292969
9560	0.37509326489418215	0.5931639591292969
9580	0.37509326489418215	0.5931639591292969
9600	0.37509326489418215	0.5931639591292969
9620	0.37509326489418215	0.5931639591292969
9640	0.37509326489418215	0.5931639591292969
9660	0.37509326489418215	0.5931639591292969
9680	0.37509326489418215	0.5931639591292969
9700	0.37509326489418215	0.5931639591292969
9720	0.37509326489418215	0.5931639591292969
9740	0.37509326489418215	0.5931639591292969
9760	0.37509326489418215	0.5931639591292969
9780	0.3906591852775888	0.5931639591292969
9800	0.3906591852775888	0.5931639591292969
9820	0.3906591852775888	0.5931639591292969
9840	0.3906591852775888	0.5931639591292969
9860	0.3906591852775888	0.5931639591292969
9880	0.3906591852775888	0.5931639591292969
9900	0.3906591852775888	0.5931639591292969
9920	0.3906591852775888	0.5931639591292969
9940	0.3906591852775888	0.5931639591292969
9960	0.3906591852775888	0.5931639591292969
9980	0.3906591852775888	0.5931639591292969
10000	0.3906591852775888	0.5931639591292969
10020	0.3906591852775888	0.5931639591292969
10040	0.3906591852775888	0.5931639591292969
10060	0.3906591852775888	0.5931639591292969
10080	0.3906591852775888	0.5931639591292969
10100	0.3906591852775888	0.5931639591292969
10120	0.3906591852775888	0.5931639591292969
10140	0.3906591852775888	0.5931639591292969
10160	0.3906591852775888	0.5931639591292969
10180	0.3906591852775888	0.5931639591292969
10200	0.3906591852775888	0.5931639591292969
10220	0.3906591852775888	0.5931639591292969
10240	0.3906591852775888	0.5931639591292969
10260	0.3906591852775888	0.5931639591292969
10280	0.3906591852775888	0.5931639591292969
10300	0.3906591852775888	0.5931639591292969
10320	0.3906591852775888	0.5931639591292969
10340	0.3906591852775888	0.5809105480042118
10360	0.3906591852775888	0.5809105480042118
10380	0.3906591852775888	0.5809105480042118
10400	0.3906591852775888	0.5809105480042118
10420	0.3906591852775888	0.5809105480042118
10440	0.3906591852775888	0.5809105480042118
10460	0.3906591852775888	0.5809105480042118
10480	0.3906591852775888	0.5809105480042118
10500	0.3906591852775888	0.5809105480042118
10520	0.3906591852775888	0.5809105480042118
10540	0.3906591852775888	0.5809105480042118
10560	0.3906591852775888	0.5809105480042118
10580	0.3906591852775888	0.5809105480042118
10600	0.3906591852775888	0.5809105480042118
10620	0.3906591852775888	0.5809105480042118
10640	0.3906591852775888	0.5809105480042118
10660	0.3906591852775888	0.5809105480042118
10680	0.3906591852775888	0.5809105480042118
10700	0.3906591852775888	0.5809105480042118
10720	0.3906591852775888	0.5809105480042118
10740	0.3906591852775888	0.5809105480042118
10760	0.3906591852775888	0.5809105480042118
10780	0.3906591852775888	0.5809105480042118
10800	0.3906591852775888	0.5809105480042118
10820	0.3906591852775888	0.5809105480042118
10840	0.3906591852775888	0.5809105480042118
10860	0.3906591852775888	0.5809105480042118
10880	0.3906591852775888	0.5809105480042118
10900	0.3906591852775888	0.5809105480042118
10920	0.3906591852775888	0.5809105480042118
10940	0.3906591852775888	0.5809105480042118
10960	0.3906591852775888	0.5809105480042118
10980	0.3906591852775888	0.5809105480042118
11000	0.3906591852775888	0.5809105480042118
11020	0.3906591852775888	0.5809105480042118
11040	0.3906591852775888	0.5809105480042118
11060	0.3906591852775888	0.5809105480042118
11080	0.3906591852775888	0.5809105480042118
11100	0.3906591852775888	0.5809105480042118
11120	0.3906591852775888	0.5809105480042118
11140	0.3906591852775888	0.5809105480042118
11160	0.3906591852775888	0.5809105480042118
11180	0.3906591852775888	0.5809105480042118
11200	0.3906591852775888	0.5809105480042118
11220	0.3906591852775888	0.5809105480042118
11240	0.3906591852775888	0.5809105480042118
11260	0.3906591852775888	0.5809105480042118
11280	0.3906591852775888	0.5809105480042118
11300	0.3906591852775888	0.5809105480042118
11320	0.3906591852775888	0.5809105480042118
11340	0.3906591852775888	0.5809105480042118
11360	0.3906591852775888	0.5809105480042118
11380	0.4225309457392806	0.5809105480042118
11400	0.4225309457392806	0.5809105480042118
11420	0.4225309457392806	0.5809105480042118
11440	0.4225309457392806	0.5809105480042118
11460	0.4225309457392806	0.5809105480042118
11480	0.4225309457392806	0.5809105480042118
11500	0.4225309457392806	0.5809105480042118
11520	0.4225309457392806	0.5809105480042118
11540	0.4225309457392806	0.5809105480042118
11560	0.4225309457392806	0.5809105480042118
11580	0.4225309457392806	0.5809105480042118
11600	0.4225309457392806	0.5809105480042118
11620	0.4225309457392806	0.5809105480042118
11640	0.4225309457392806	0.5809105480042118
11660	0.4225309457392806	0.5809105480042118
11680	0.4225309457392806	0.5809105480042118
11700	0.4225309457392806	0.5809105480042118
11720	0.4225309457392806	0.5809105480042118
11740	0.4225309457392806	0.5809105480042118
11760	0.4225309457392806	0.5809105480042118
11780	0.4225309457392806	0.5809105480042118
11800	0.4225309457392806	0.5809105480042118
11820	0.4225309457392806	0.5809105480042118
11840	0.4225309457392806	0.5809105480042118
11860	0.4225309457392806	0.5809105480042118
11880	0.4225309457392806	0.5809105480042118
11900	0.4225309457392806	0.5809105480042118
11920	0.4225309457392806	0.5809105480042118
11940	0.4225309457392806	0.5809105480042118
11960	0.4225309457392806	0.5675611994398868
11980	0.4225309457392806	0.5675611994398868
12000	0.4225309457392806	0.5675611994398868
12020	0.4225309457392806	0.5675611994398868
12040	0.4347749659577778	0.5675611994398868
12060	0.4347749659577778	0.5675611994398868
12080	0.4347749659577778	0.5675611994398868
12100	0.4347749659577778	0.5675611994398868
12120	0.4347749659577778	0.5675611994398868
12140	0.4347749659577778	0.5675611994398868
12160	0.4347749659577778	0.5675611994398868
12180	0.4347749659577778	0.5675611994398868
12200	0.4347749659577778	0.5675611994398868
12220	0.4347749659577778	0.5675611994398868
12240	0.4347749659577778	0.5675611994398868
12260	0.4347749659577778	0.5675611994398868
12280	0.4347749659577778	0.5675611994398868
12300	0.4347749659577778	0.5675611994398868
12320	0.4347749659577778	0.5675611994398868
12340	0.4347749659577778	0.5675611994398868
12360	0.4491750856193647	0.5675611994398868
12380	0.4491750856193647	0.5675611994398868
12400	0.4491750856193647	0.5653620330033293
12420	0.4491750856193647	0.5653620330033293
12440	0.4491750856193647	0.5653620330033293
12460	0.4491750856193647	0.5653620330033293
12480	0.4491750856193647	0.5653620330033293
12500	0.4491750856193647	0.5653620330033293
12520	0.4491750856193647	0.5653620330033293
12540	0.4491750856193647	0.5653620330033293
12560	0.4491750856193647	0.5653620330033293
12580	0.4491750856193647	0.5653620330033293
12600	0.4491750856193647	0.5653620330033293
12620	0.4491750856193647	0.5653620330033293
12640	0.4491750856193647	0.5653620330033293
12660	0.4491750856193647	0.5653620330033293
12680	0.4491750856193647	0.5653620330033293
12700	0.4491750856193647	0.5653620330033293
12720	0.4491750856193647	0.5653620330033293
12740	0.4491750856193647	0.5653620330033293
12760	0.4491750856193647	0.5653620330033293
12780	0.4491750856193647	0.5653620330033293
12800	0.4491750856193647	0.5653620330033293
12820	0.4491750856193647	0.5653620330033293
12840	0.4491750856193647	0.5653620330033293
12860	0.4491750856193647	0.5653620330033293
12880	0.4491750856193647	0.5653620330033293
12900	0.4491750856193647	0.5653620330033293
12920	0.4491750856193647	0.5653620330033293
12940	0.4491750856193647	0.5653620330033293
12960	0.4491750856193647	0.5653620330033293
12980	0.4491750856193647	0.5653620330033293
13000	0.4491750856193647	0.5653620330033293
13020	0.4491750856193647	0.5653620330033293
13040	0.4491750856193647	0.5653620330033293
13060	0.4491750856193647	0.5653620330033293
13080	0.4491750856193647	0.5465879769008006
13100	0.4491750856193647	0.5465879769008006
13120	0.4491750856193647	0.5465879769008006
13140	0.4491750856193647	0.5465879769008006
13160	0.4491750856193647	0.5465879769008006
13180	0.4491750856193647	0.5465879769008006
13200	0.4491750856193647	0.5465879769008006
13220	0.4491750856193647	0.5465879769008006
13240	0.4491750856193647	0.5465879769008006
13260	0.4491750856193647	0.5465879769008006
13280	0.4491750856193647	0.5465879769008006
13300	0.4491750856193647	0.5465879769008006
13320	0.4491750856193647	0.5465879769008006
13340	0.4491750856193647	0.5465879769008006
13360	0.4491750856193647	0.5465879769008006
13380	0.4491750856193647	0.5465879769008006
13400	0.4491750856193647	0.5465879769008006
13420	0.4491750856193647	0.5465879769008006
13440	0.4491750856193647	0.5453835775582404
13460	0.4491750856193647	0.5453835775582404
13480	0.4491750856193647	0.5453835775582404
13500	0.4491750856193647	0.5453835775582404
13520	0.4491750856193647	0.5453835775582404
13540	0.4491750856193647	0.5453835775582404
13560	0.4491750856193647	0.5453835775582404
13580	0.4491750856193647	0.5453835775582404
13600	0.4491750856193647	0.5453835775582404
13620	0.4491750856193647	0.5453835775582404
13640	0.4491750856193647	0.5448158473923885
13660	0.4491750856193647	0.5448158473923885
13680	0.4491750856193647	0.5448158473923885
13700	0.4491750856193647	0.5448158473923885
13720	0.4491750856193647	0.5448158473923885
13740	0.4491750856193647	0.5448158473923885
13760	0.4491750856193647	0.5448158473923885
13780	0.4491750856193647	0.5448158473923885
13800	0.4615614058139719	0.5448158473923885
13820	0.4615614058139719	0.5448158473923885
13840	0.4615614058139719	0.5448158473923885
13860	0.4615614058139719	0.5448158473923885
13880	0.4615614058139719	0.5448158473923885
13900	0.4615614058139719	0.5448158473923885
13920	0.4615614058139719	0.5448158473923885
13940	0.4615614058139719	0.5448158473923885
13960	0.4615614058139719	0.5448158473923885
13980	0.4615614058139719	0.5401726691775642
14000	0.4615614058139719	0.5401726691775642
14020	0.4615614058139719	0.5401726691775642
14040	0.4615614058139719	0.5401726691775642
14060	0.4615614058139719	0.5401726691775642
14080	0.4615614058139719	0.5401726691775642
14100	0.4615614058139719	0.5401726691775642
14120	0.4615614058139719	0.5401726691775642
14140	0.4615614058139719	0.5401726691775642
14160	0.4615614058139719	0.5401726691775642
14180	0.4615614058139719	0.5401726691775642
14200	0.46879190983530705	0.5401726691775642
14220	0.46879190983530705	0.5401726691775642
14240	0.46879190983530705	0.5401726691775642
14260	0.46879190983530705	0.5401726691775642
14280	0.46879190983530705	0.5401726691775642
14300	0.46879190983530705	0.5401726691775642
14320	0.46879190983530705	0.5401726691775642
14340	0.46879190983530705	0.5401726691775642
14360	0.46879190983530705	0.5401726691775642
14380	0.46879190983530705	0.5401726691775642
14400	0.46879190983530705	0.5401726691775642
14420	0.46879190983530705	0.5401726691775642
14440	0.46879190983530705	0.5401726691775642
14460	0.46879190983530705	0.5401726691775642
14480	0.46879190983530705	0.5401726691775642
14500	0.46879190983530705	0.5401726691775642
14520	0.46879190983530705	0.5401726691775642
14540	0.46879190983530705	0.5401726691775642
14560	0.46879190983530705	0.5401726691775642
14580	0.46879190983530705	0.5401726691775642
14600	0.46879190983530705	0.5401726691775642
14620	0.46879190983530705	0.5401726691775642
14640	0.46879190983530705	0.5401726691775642
14660	0.46879190983530705	0.5401726691775642
14680	0.46879190983530705	0.5401726691775642
14700	0.46879190983530705	0.5380869807132935
14720	0.46879190983530705	0.5380869807132935
14740	0.46879190983530705	0.5380869807132935
14760	0.46879190983530705	0.5380869807132935
14780	0.46879190983530705	0.5380869807132935
14800	0.46879190983530705	0.5380869807132935
14820	0.46879190983530705	0.5380869807132935
14840	0.46879190983530705	0.5380869807132935
14860	0.46879190983530705	0.5380869807132935
14880	0.46879190983530705	0.5380869807132935
14900	0.46879190983530705	0.5380869807132935
14920	0.46879190983530705	0.5380869807132935
14940	0.46879190983530705	0.5380869807132935
14960	0.46879190983530705	0.5380869807132935
14980	0.46879190983530705	0.5380869807132935
15000	0.46879190983530705	0.5380869807132935
15020	0.46879190983530705	0.5380869807132935
15040	0.46879190983530705	0.5380869807132935
15060	0.46879190983530705	0.5380869807132935
15080	0.46879190983530705	0.5380869807132935
15100	0.46879190983530705	0.5300524916086231
15120	0.4792425177665403	0.5300524916086231
15140	0.4792425177665403	0.5300524916086231
15160	0.4792425177665403	0.5300524916086231
15180	0.4792425177665403	0.5300524916086231
15200	0.4792425177665403	0.5300524916086231
15220	0.4792425177665403	0.5300524916086231
15240	0.4792425177665403	0.5300524916086231
15260	0.4792425177665403	0.5300524916086231
15280	0.4792425177665403	0.5300524916086231
15300	0.4792425177665403	0.5300524916086231
15320	0.4792425177665403	0.5300524916086231
15340	0.4792425177665403	0.5300524916086231
15360	0.4792425177665403	0.5300524916086231
15380	0.4792425177665403	0.5300524916086231
15400	0.4792425177665403	0.5300524916086231
15420	0.4792425177665403	0.5300524916086231
15440	0.4792425177665403	0.5283456008115799
15460	0.4792425177665403	0.5283456008115799
15480	0.4792425177665403	0.5283456008115799
15500	0.4792425177665403	0.5283456008115799
15520	0.4792425177665403	0.5283456008115799
15540	0.4792425177665403	0.5283456008115799
15560	0.4792425177665403	0.5283456008115799
15580	0.4792425177665403	0.5283456008115799
15600	0.4792425177665403	0.5283456008115799
15620	0.4792425177665403	0.5283456008115799
15640	0.4792425177665403	0.5283456008115799
15660	0.4792425177665403	0.5283456008115799
15680	0.4792425177665403	0.5283456008115799
15700	0.4792425177665403	0.5283456008115799
15720	0.4792425177665403	0.5283456008115799
15740	0.4792425177665403	0.5283456008115799
15760	0.4792425177665403	0.5283456008115799
15780	0.4792425177665403	0.5283456008115799
15800	0.4792425177665403	0.5283456008115799
15820	0.4792425177665403	0.5283456008115799
15840	0.4792425177665403	0.5283456008115799
15860	0.4792425177665403	0.5283456008115799
15880	0.4792425177665403	0.5283456008115799
15900	0.4792425177665403	0.5283456008115799
15920	0.4792425177665403	0.5283456008115799
15940	0.4792425177665403	0.5283456008115799
15960	0.4792425177665403	0.5283456008115799
15980	0.4792425177665403	0.5283456008115799
16000	0.4792425177665403	0.5283456008115799
16020	0.4792425177665403	0.5283456008115799
16040	0.4792425177665403	0.5283456008115799
16060	0.4792425177665403	0.5283456008115799
16080	0.4792425177665403	0.5283456008115799
16100	0.4792425177665403	0.5283456008115799
16120	0.4792425177665403	0.5283456008115799
16140	0.4792425177665403	0.5283456008115799
16160	0.4792425177665403	0.5283456008115799
16180	0.4792425177665403	0.5283456008115799
16200	0.4792425177665403	0.5283456008115799
16220	0.4792425177665403	0.5283456008115799
16240	0.4792425177665403	0.5283456008115799
16260	0.4792425177665403	0.5283456008115799
16280	0.4792425177665403	0.5283456008115799
16300	0.4792425177665403	0.5283456008115799
16320	0.4792425177665403	0.5283456008115799
16340	0.4792425177665403	0.5283456008115799
16360	0.4792425177665403	0.5283456008115799
16380	0.4792425177665403	0.5283456008115799
16400	0.4792425177665403	0.5283456008115799
16420	0.4792425177665403	0.5283456008115799
16440	0.4792425177665403	0.5283456008115799
16460	0.4792425177665403	0.5283456008115799
16480	0.4792425177665403	0.5283456008115799
16500	0.4792425177665403	0.5283456008115799
16520	0.4792425177665403	0.5283456008115799
16540	0.4792425177665403	0.5283456008115799
16560	0.4792425177665403	0.5283456008115799
16580	0.4792425177665403	0.5283456008115799
16600	0.4792425177665403	0.5283456008115799
16620	0.4792425177665403	0.5283456008115799
16640	0.4792425177665403	0.5283456008115799
16660	0.4792425177665403	0.5283456008115799
16680	0.4792425177665403	0.5283456008115799
16700	0.4792425177665403	0.5283456008115799
16720	0.4792425177665403	0.5283456008115799
16740	0.4792425177665403	0.5283456008115799
16760	0.4792425177665403	0.5283456008115799
16780	0.4792425177665403	0.5283456008115799
16800	0.4792425177665403	0.5283456008115799
16820	0.4792425177665403	0.5283456008115799
16840	0.48963784821384304	0.5283456008115799
16860	0.48963784821384304	0.5283456008115799
16880	0.48963784821384304	0.5283456008115799
16900	0.48963784821384304	0.5283456008115799
16920	0.48963784821384304	0.5283456008115799
16940	0.48963784821384304	0.5283456008115799
16960	0.48963784821384304	0.5283456008115799
16980	0.48963784821384304	0.5283456008115799
17000	0.48963784821384304	0.5283456008115799
17020	0.48963784821384304	0.5283456008115799
17040	0.48963784821384304	0.5283456008115799
17060	0.48963784821384304	0.5283456008115799
17080	0.48963784821384304	0.5283456008115799
17100	0.48963784821384304	0.5283456008115799
17120	0.48963784821384304	0.5265773820432795
17140	0.48963784821384304	0.5265773820432795
17160	0.48963784821384304	0.5265773820432795
17180	0.48963784821384304	0.5265773820432795
17200	0.48963784821384304	0.5265773820432795
17220	0.48963784821384304	0.5265773820432795
17240	0.48963784821384304	0.5265773820432795
17260	0.48963784821384304	0.5265773820432795
17280	0.48963784821384304	0.5265773820432795
17300	0.48963784821384304	0.5265773820432795
17320	0.48963784821384304	0.5265773820432795
17340	0.48963784821384304	0.5265773820432795
17360	0.49109987929996174	0.5265773820432795
17380	0.49109987929996174	0.5265773820432795
17400	0.49109987929996174	0.5265773820432795
17420	0.49109987929996174	0.5265773820432795
17440	0.49109987929996174	0.5265773820432795
17460	0.49109987929996174	0.5265773820432795
17480	0.49109987929996174	0.5265773820432795
17500	0.49109987929996174	0.5265773820432795
17520	0.49109987929996174	0.5265773820432795
17540	0.49109987929996174	0.5265773820432795
17560	0.49109987929996174	0.5265773820432795
17580	0.49109987929996174	0.5265773820432795
17600	0.49109987929996174	0.5265773820432795
17620	0.49109987929996174	0.5265773820432795
17640	0.49109987929996174	0.5265773820432795
17660	0.49109987929996174	0.5265773820432795
17680	0.49109987929996174	0.5265773820432795
17700	0.49109987929996174	0.5265773820432795
17720	0.49109987929996174	0.5265773820432795
17740	0.49109987929996174	0.5265773820432795
17760	0.49109987929996174	0.5265773820432795
17780	0.49109987929996174	0.5265773820432795
17800	0.49109987929996174	0.5265773820432795
17820	0.49109987929996174	0.5265773820432795
17840	0.49109987929996174	0.5265773820432795
17860	0.49109987929996174	0.5265773820432795
17880	0.49109987929996174	0.5265773820432795
17900	0.49109987929996174	0.5265773820432795
17920	0.49109987929996174	0.5265773820432795
17940	0.49109987929996174	0.5265773820432795
17960	0.49109987929996174	0.5265773820432795
17980	0.49109987929996174	0.5265773820432795
18000	0.49109987929996174	0.5265773820432795
18020	0.49109987929996174	0.5265773820432795
18040	0.49109987929996174	0.5265773820432795
18060	0.49109987929996174	0.5265773820432795
18080	0.49109987929996174	0.5265773820432795
18100	0.49109987929996174	0.5265773820432795
18120	0.49109987929996174	0.5265773820432795
18140	0.49109987929996174	0.5265773820432795
18160	0.49109987929996174	0.5265773820432795
18180	0.49109987929996174	0.5265773820432795
18200	0.49109987929996174	0.5265773820432795
18220	0.49109987929996174	0.5265773820432795
18240	0.49109987929996174	0.5265773820432795
18260	0.49109987929996174	0.5265773820432795
18280	0.49109987929996174	0.5265773820432795
18300	0.49109987929996174	0.5265773820432795
18320	0.49109987929996174	0.5265773820432795
18340	0.49109987929996174	0.5265773820432795
18360	0.49109987929996174	0.5265773820432795
18380	0.49109987929996174	0.5265773820432795
18400	0.49109987929996174	0.5265773820432795
18420	0.49109987929996174	0.5265773820432795
18440	0.49109987929996174	0.5265773820432795
18460	0.49109987929996174	0.5265773820432795
18480	0.49109987929996174	0.5265773820432795
18500	0.49109987929996174	0.5265773820432795
18520	0.49109987929996174	0.5265773820432795
18540	0.49109987929996174	0.5265773820432795
18560	0.49109987929996174	0.5265773820432795
18580	0.49109987929996174	0.5265773820432795
18600	0.49109987929996174	0.5265773820432795
18620	0.49109987929996174	0.5265773820432795
18640	0.49109987929996174	0.5265773820432795
18660	0.49109987929996174	0.5265773820432795
18680	0.49109987929996174	0.5265773820432795
18700	0.49109987929996174	0.5265773820432795
18720	0.49109987929996174	0.5265773820432795
18740	0.49109987929996174	0.5265773820432795
18760	0.49109987929996174	0.5265773820432795
18780	0.4950966945162693	0.5265773820432795
18800	0.4950966945162693	0.5265773820432795
18820	0.4950966945162693	0.5265773820432795
18840	0.4950966945162693	0.5265773820432795
18860	0.4950966945162693	0.5265773820432795
18880	0.4950966945162693	0.5265773820432795
18900	0.4950966945162693	0.5265773820432795
18920	0.4950966945162693	0.5265773820432795
18940	0.4950966945162693	0.5265773820432795
18960	0.4950966945162693	0.5265773820432795
18980	0.4950966945162693	0.5265773820432795
19000	0.4950966945162693	0.5265773820432795
19020	0.4950966945162693	0.5265773820432795
19040	0.4950966945162693	0.5265773820432795
19060	0.4950966945162693	0.5265773820432795
19080	0.4950966945162693	0.5265773820432795
19100	0.4950966945162693	0.5265773820432795
19120	0.4950966945162693	0.5265773820432795
19140	0.4950966945162693	0.5265773820432795
19160	0.4950966945162693	0.5265773820432795
19180	0.4950966945162693	0.5265773820432795
19200	0.4950966945162693	0.5265773820432795
19220	0.4950966945162693	0.5265773820432795
19240	0.4950966945162693	0.5265773820432795
19260	0.4950966945162693	0.5265773820432795
19280	0.4950966945162693	0.5265773820432795
19300	0.4950966945162693	0.5265773820432795
19320	0.4950966945162693	0.5265773820432795
19340	0.4950966945162693	0.5265773820432795
19360	0.4950966945162693	0.5265773820432795
19380	0.4950966945162693	0.5265773820432795
19400	0.4950966945162693	0.5265773820432795
19420	0.4950966945162693	0.5265773820432795
19440	0.4950966945162693	0.5265773820432795
19460	0.4950966945162693	0.5265773820432795
19480	0.4950966945162693	0.5265773820432795
19500	0.4950966945162693	0.5265773820432795
19520	0.4950966945162693	0.5265773820432795
19540	0.4950966945162693	0.5265773820432795
19560	0.4950966945162693	0.5265773820432795
19580	0.4950966945162693	0.5265773820432795
19600	0.4950966945162693	0.5265773820432795
19620	0.4950966945162693	0.514489651315901
19640	0.4950966945162693	0.514489651315901
19660	0.4950966945162693	0.514489651315901
19680	0.4950966945162693	0.514489651315901
19700	0.4950966945162693	0.514489651315901
19720	0.4950966945162693	0.514489651315901
19740	0.4950966945162693	0.514489651315901
19760	0.4950966945162693	0.514489651315901
19780	0.4950966945162693	0.514489651315901
19800	0.4950966945162693	0.514489651315901
19820	0.4950966945162693	0.514489651315901
19840	0.4950966945162693	0.514489651315901
19860	0.4988045786025297	0.514489651315901
19880	0.4988045786025297	0.514489651315901
19900	0.4988045786025297	0.514489651315901
19920	0.4988045786025297	0.514489651315901
19940	0.4988045786025297	0.514489651315901
19960	0.4988045786025297	0.514489651315901
19980	0.4988045786025297	0.514489651315901
20000	0.4988045786025297	0.514489651315901
