t	0	1	2	3	4	5	6	7	8	9	
0	0.8578653286277147	0.5266291688076049	0.3443463203391818	0.6023733200250033	0.8113239199953636	0.5678930347116372	0.7257823235678827	0.2803292557573056	0.3302560033549301	0.92234238795482	
1	0.6642772886435446	0.16373076475273662	0.6205063859486118	0.8269093367429613	0.1641645767844777	0.6295533503016969	0.23016718756482013	0.7067675274795179	0.5703512144728677	0.41272520823218994	
2	0.6642772886435446	0.16373076475273662	0.6205063859486118	0.8269093367429613	0.1641645767844777	0.6295533503016969	0.23016718756482013	0.7067675274795179	0.6173142515582062	0.41272520823218994	
3	0.6642772886435446	0.16373076475273662	0.6205063859486118	0.8269093367429613	0.1641645767844777	0.3968589635430873	0.23016718756482013	0.7067675274795179	0.6173142515582062	0.41272520823218994	
4	0.6642772886435446	0.4140040266981406	0.6205063859486118	0.8269093367429613	0.1641645767844777	0.3968589635430873	0.23016718756482013	0.7067675274795179	0.6173142515582062	0.41272520823218994	
5	0.6642772886435446	0.5603857770888292	0.6205063859486118	0.8269093367429613	0.1641645767844777	0.3968589635430873	0.23016718756482013	0.7067675274795179	0.6173142515582062	0.41272520823218994	
6	0.4472222381041824	0.5603857770888292	0.6205063859486118	0.8269093367429613	0.1641645767844777	0.3968589635430873	0.23016718756482013	0.7067675274795179	0.6173142515582062	0.41272520823218994	
7	0.4472222381041824	0.5603857770888292	0.6205063859486118	0.8269093367429613	0.1641645767844777	0.3968589635430873	0.23016718756482013	0.6620408895188621	0.6173142515582062	0.41272520823218994	
8	0.4472222381041824	0.5603857770888292	0.6205063859486118	0.8269093367429613	0.1641645767844777	0.3968589635430873	0.23016718756482013	0.6620408895188621	0.6173142515582062	0.4047920858876386	
9	0.4472222381041824	0.5603857770888292	0.6205063859486118	0.8269093367429613	0.1641645767844777	0.3968589635430873	0.23016718756482013	0.6396775705385341	0.6173142515582062	0.4047920858876386	
10	0.4472222381041824	0.5603857770888292	0.5904460815187205	0.8269093367429613	0.1641645767844777	0.3968589635430873	0.23016718756482013	0.6396775705385341	0.6173142515582062	0.4047920858876386	
11	0.4472222381041824	0.5603857770888292	0.5904460815187205	0.8269093367429613	0.1641645767844777	0.3968589635430873	0.23016718756482013	0.6396775705385341	0.5070866075506467	0.4047920858876386	
12	0.4472222381041824	0.6000316738136817	0.5904460815187205	0.8269093367429613	0.1641645767844777	0.3968589635430873	0.23016718756482013	0.6396775705385341	0.5070866075506467	0.4047920858876386	
13	0.4472222381041824	0.6000316738136817	0.5904460815187205	0.8269093367429613	0.1641645767844777	0.3968589635430873	0.23016718756482013	0.6396775705385341	0.5070866075506467	0.4008255247153629	
14	0.4472222381041824	0.6000316738136817	0.5904460815187205	0.7332934536407477	0.1641645767844777	0.3968589635430873	0.23016718756482013	0.6396775705385341	0.5070866075506467	0.4008255247153629	
15	0.4472222381041824	0.6000316738136817	0.5904460815187205	0.7332934536407477	0.1641645767844777	0.3968589635430873	0.23016718756482013	0.6396775705385341	0.5070866075506467	0.5202515476269485	
16	0.4472222381041824	0.6000316738136817	0.5904460815187205	0.7332934536407477	0.1641645767844777	0.3968589635430873	0.23016718756482013	0.6396775705385341	0.5070866075506467	0.45855525558501786	
17	0.4472222381041824	0.6000316738136817	0.5904460815187205	0.7332934536407477	0.1641645767844777	0.3968589635430873	0.23016718756482013	0.6396775705385341	0.5070866075506467	0.549116413061776	
18	0.4981693255829792	0.6000316738136817	0.5904460815187205	0.7332934536407477	0.1641645767844777	0.3968589635430873	0.23016718756482013	0.6396775705385341	0.5070866075506467	0.549116413061776	
19	0.3641682565738997	0.6000316738136817	0.5904460815187205	0.7332934536407477	0.1641645767844777	0.3968589635430873	0.23016718756482013	0.6396775705385341	0.5070866075506467	0.549116413061776	
20	0.3641682565738997	0.6000316738136817	0.5904460815187205	0.7332934536407477	0.1641645767844777	0.3968589635430873	0.23016718756482013	0.6396775705385341	0.5070866075506467	0.47298768830243165	
21	0.3641682565738997	0.6000316738136817	0.5904460815187205	0.7332934536407477	0.1641645767844777	0.3968589635430873	0.23016718756482013	0.6396775705385341	0.5070866075506467	0.4349233259227595	
22	0.39954579124832956	0.6000316738136817	0.5904460815187205	0.7332934536407477	0.1641645767844777	0.3968589635430873	0.23016718756482013	0.6396775705385341	0.5070866075506467	0.4349233259227595	
23	0.39954579124832956	0.6000316738136817	0.5904460815187205	0.7332934536407477	0.1641645767844777	0.3968589635430873	0.3325452567437898	0.6396775705385341	0.5070866075506467	0.4349233259227595	
24	0.39954579124832956	0.6000316738136817	0.5904460815187205	0.7332934536407477	0.1641645767844777	0.3968589635430873	0.3325452567437898	0.6396775705385341	0.5070866075506467	0.5373004482306468	
25	0.39954579124832956	0.6000316738136817	0.5952388776662011	0.7332934536407477	0.1641645767844777	0.3968589635430873	0.3325452567437898	0.6396775705385341	0.5070866075506467	0.5373004482306468	
26	0.39954579124832956	0.6000316738136817	0.5952388776662011	0.7332934536407477	0.1641645767844777	0.3968589635430873	0.3325452567437898	0.6396775705385341	0.5070866075506467	0.5884890093845905	
27	0.39954579124832956	0.6000316738136817	0.5976352757399415	0.7332934536407477	0.1641645767844777	0.3968589635430873	0.3325452567437898	0.6396775705385341	0.5070866075506467	0.5884890093845905	
28	0.49401740031646	0.6000316738136817	0.5976352757399415	0.7332934536407477	0.1641645767844777	0.3968589635430873	0.3325452567437898	0.6396775705385341	0.5070866075506467	0.5884890093845905	
29	0.49401740031646	0.6198546221761079	0.5976352757399415	0.7332934536407477	0.1641645767844777	0.3968589635430873	0.3325452567437898	0.6396775705385341	0.5070866075506467	0.5884890093845905	
30	0.49401740031646	0.6198546221761079	0.5976352757399415	0.6864855120896409	0.1641645767844777	0.3968589635430873	0.3325452567437898	0.6396775705385341	0.5070866075506467	0.5884890093845905	
31	0.5412532048505252	0.6198546221761079	0.5976352757399415	0.6864855120896409	0.1641645767844777	0.3968589635430873	0.3325452567437898	0.6396775705385341	0.5070866075506467	0.5884890093845905	
32	0.5648711071175578	0.6198546221761079	0.5976352757399415	0.6864855120896409	0.1641645767844777	0.3968589635430873	0.3325452567437898	0.6396775705385341	0.5070866075506467	0.5884890093845905	
33	0.44870818193067386	0.6198546221761079	0.5976352757399415	0.6864855120896409	0.1641645767844777	0.3968589635430873	0.3325452567437898	0.6396775705385341	0.5070866075506467	0.5884890093845905	
34	0.44870818193067386	0.6198546221761079	0.5976352757399415	0.6864855120896409	0.1641645767844777	0.3968589635430873	0.3325452567437898	0.6186564231392377	0.5070866075506467	0.5884890093845905	
35	0.44870818193067386	0.6198546221761079	0.5976352757399415	0.6864855120896409	0.1641645767844777	0.3968589635430873	0.4605171330641902	0.6186564231392377	0.5070866075506467	0.5884890093845905	
36	0.44870818193067386	0.6198546221761079	0.5976352757399415	0.6864855120896409	0.1641645767844777	0.3968589635430873	0.4605171330641902	0.6186564231392377	0.5070866075506467	0.49267398646383886	
37	0.44870818193067386	0.6198546221761079	0.5976352757399415	0.6525709676144393	0.1641645767844777	0.3968589635430873	0.4605171330641902	0.6186564231392377	0.5070866075506467	0.49267398646383886	
38	0.44870818193067386	0.5342814020533908	0.5976352757399415	0.6525709676144393	0.1641645767844777	0.3968589635430873	0.4605171330641902	0.6186564231392377	0.5070866075506467	0.49267398646383886	
39	0.44870818193067386	0.5342814020533908	0.5976352757399415	0.6525709676144393	0.1641645767844777	0.3968589635430873	0.4605171330641902	0.5628715153449422	0.5070866075506467	0.49267398646383886	
40	0.44870818193067386	0.5342814020533908	0.5976352757399415	0.6077212414796908	0.1641645767844777	0.3968589635430873	0.4605171330641902	0.5628715153449422	0.5070866075506467	0.49267398646383886	
41	0.44870818193067386	0.5342814020533908	0.602678258609816	0.6077212414796908	0.1641645767844777	0.3968589635430873	0.4605171330641902	0.5628715153449422	0.5070866075506467	0.49267398646383886	
42	0.44870818193067386	0.5342814020533908	0.602678258609816	0.6077212414796908	0.1641645767844777	0.3968589635430873	0.4605171330641902	0.5349790614477945	0.5070866075506467	0.49267398646383886	
43	0.44870818193067386	0.5342814020533908	0.602678258609816	0.6077212414796908	0.1641645767844777	0.3968589635430873	0.4605171330641902	0.5349790614477945	0.4778973947406603	0.49267398646383886	
44	0.44870818193067386	0.5346302317505927	0.602678258609816	0.6077212414796908	0.1641645767844777	0.3968589635430873	0.4605171330641902	0.5349790614477945	0.4778973947406603	0.49267398646383886	
45	0.44870818193067386	0.5346302317505927	0.602678258609816	0.6077212414796908	0.1641645767844777	0.3968589635430873	0.4605171330641902	0.5349790614477945	0.4778973947406603	0.5138265239558166	
46	0.44870818193067386	0.5346302317505927	0.602678258609816	0.6077212414796908	0.1641645767844777	0.3968589635430873	0.4605171330641902	0.5349790614477945	0.4778973947406603	0.45534274374945194	
47	0.44870818193067386	0.5346302317505927	0.602678258609816	0.6077212414796908	0.1641645767844777	0.3968589635430873	0.4605171330641902	0.5064382280942274	0.4778973947406603	0.45534274374945194	
48	0.4520254628400629	0.5346302317505927	0.602678258609816	0.6077212414796908	0.1641645767844777	0.3968589635430873	0.4605171330641902	0.5064382280942274	0.4778973947406603	0.45534274374945194	
49	0.4520254628400629	0.5346302317505927	0.5686542451802044	0.6077212414796908	0.1641645767844777	0.3968589635430873	0.4605171330641902	0.5064382280942274	0.4778973947406603	0.45534274374945194	
50	0.4520254628400629	0.5346302317505927	0.5686542451802044	0.5570797347869592	0.1641645767844777	0.3968589635430873	0.4605171330641902	0.5064382280942274	0.4778973947406603	0.45534274374945194	
51	0.4520254628400629	0.5346302317505927	0.5686542451802044	0.5570797347869592	0.1641645767844777	0.2805117701637825	0.4605171330641902	0.5064382280942274	0.4778973947406603	0.45534274374945194	
52	0.4520254628400629	0.5346302317505927	0.5686542451802044	0.5570797347869592	0.1641645767844777	0.2805117701637825	0.4605171330641902	0.5375462366372159	0.4778973947406603	0.45534274374945194	
53	0.4536841032947574	0.5346302317505927	0.5686542451802044	0.5570797347869592	0.1641645767844777	0.2805117701637825	0.4605171330641902	0.5375462366372159	0.4778973947406603	0.45534274374945194	
54	0.45451342352210466	0.5346302317505927	0.5686542451802044	0.5570797347869592	0.1641645767844777	0.2805117701637825	0.4605171330641902	0.5375462366372159	0.4778973947406603	0.45534274374945194	
55	0.4549280836357783	0.5346302317505927	0.5686542451802044	0.5570797347869592	0.1641645767844777	0.2805117701637825	0.4605171330641902	0.5375462366372159	0.4778973947406603	0.45534274374945194	
56	0.4549280836357783	0.5346302317505927	0.5686542451802044	0.5570797347869592	0.1641645767844777	0.2805117701637825	0.4605171330641902	0.5375462366372159	0.4664127391882193	0.45534274374945194	
57	0.4549280836357783	0.5346302317505927	0.5516422384653985	0.5570797347869592	0.1641645767844777	0.2805117701637825	0.4605171330641902	0.5375462366372159	0.4664127391882193	0.45534274374945194	
58	0.45772260834998424	0.5346302317505927	0.5516422384653985	0.5570797347869592	0.1641645767844777	0.2805117701637825	0.4605171330641902	0.5375462366372159	0.4664127391882193	0.45534274374945194	
59	0.45772260834998424	0.5346302317505927	0.5543609866261788	0.5570797347869592	0.1641645767844777	0.2805117701637825	0.4605171330641902	0.5375462366372159	0.4664127391882193	0.45534274374945194	
60	0.4565326760497181	0.5346302317505927	0.5543609866261788	0.5570797347869592	0.1641645767844777	0.2805117701637825	0.4605171330641902	0.5375462366372159	0.4664127391882193	0.45534274374945194	
61	0.45593770989958504	0.5346302317505927	0.5543609866261788	0.5570797347869592	0.1641645767844777	0.2805117701637825	0.4605171330641902	0.5375462366372159	0.4664127391882193	0.45534274374945194	
62	0.45593770989958504	0.5346302317505927	0.555720360706569	0.5570797347869592	0.1641645767844777	0.2805117701637825	0.4605171330641902	0.5375462366372159	0.4664127391882193	0.45534274374945194	
63	0.45593770989958504	0.49528397082508885	0.555720360706569	0.5570797347869592	0.1641645767844777	0.2805117701637825	0.4605171330641902	0.5375462366372159	0.4664127391882193	0.45534274374945194	
64	0.45593770989958504	0.49528397082508885	0.555720360706569	0.5570797347869592	0.1641645767844777	0.2223381734741301	0.4605171330641902	0.5375462366372159	0.4664127391882193	0.45534274374945194	
65	0.4556402268245185	0.49528397082508885	0.555720360706569	0.5570797347869592	0.1641645767844777	0.2223381734741301	0.4605171330641902	0.5375462366372159	0.4664127391882193	0.45534274374945194	
66	0.4556402268245185	0.49528397082508885	0.5564000477467641	0.5570797347869592	0.1641645767844777	0.2223381734741301	0.4605171330641902	0.5375462366372159	0.4664127391882193	0.45534274374945194	
67	0.4556402268245185	0.49528397082508885	0.5564000477467641	0.5570797347869592	0.1641645767844777	0.2223381734741301	0.4605171330641902	0.5375462366372159	0.4664127391882193	0.4964444901933339	
68	0.4556402268245185	0.47546209882480367	0.5564000477467641	0.5570797347869592	0.1641645767844777	0.2223381734741301	0.4605171330641902	0.5375462366372159	0.4664127391882193	0.4964444901933339	
69	0.4760423585089262	0.47546209882480367	0.5564000477467641	0.5570797347869592	0.1641645767844777	0.2223381734741301	0.4605171330641902	0.5375462366372159	0.4664127391882193	0.4964444901933339	
70	0.4760423585089262	0.47546209882480367	0.5564000477467641	0.5570797347869592	0.3602823122656209	0.2223381734741301	0.4605171330641902	0.5375462366372159	0.4664127391882193	0.4964444901933339	
71	0.4760423585089262	0.5065041677310098	0.5564000477467641	0.5570797347869592	0.3602823122656209	0.2223381734741301	0.4605171330641902	0.5375462366372159	0.4664127391882193	0.4964444901933339	
72	0.4760423585089262	0.5065041677310098	0.5564000477467641	0.5570797347869592	0.3602823122656209	0.2223381734741301	0.4605171330641902	0.54697314219199	0.4664127391882193	0.4964444901933339	
73	0.4760423585089262	0.5065041677310098	0.5564000477467641	0.5520264384894746	0.3602823122656209	0.2223381734741301	0.4605171330641902	0.54697314219199	0.4664127391882193	0.4964444901933339	
74	0.4760423585089262	0.5065041677310098	0.5564000477467641	0.5520264384894746	0.3602823122656209	0.2223381734741301	0.4605171330641902	0.54697314219199	0.47122754884857276	0.4964444901933339	
75	0.4760423585089262	0.5065041677310098	0.5564000477467641	0.5520264384894746	0.3602823122656209	0.2223381734741301	0.4605171330641902	0.54697314219199	0.47122754884857276	0.521708816192662	
76	0.4760423585089262	0.491273263119968	0.5564000477467641	0.5520264384894746	0.3602823122656209	0.2223381734741301	0.4605171330641902	0.54697314219199	0.47122754884857276	0.521708816192662	
77	0.4682797457865582	0.491273263119968	0.5564000477467641	0.5520264384894746	0.3602823122656209	0.2223381734741301	0.4605171330641902	0.54697314219199	0.47122754884857276	0.521708816192662	
78	0.4682797457865582	0.491273263119968	0.5564000477467641	0.5520264384894746	0.3602823122656209	0.2223381734741301	0.4605171330641902	0.54697314219199	0.47122754884857276	0.5343409791923259	
79	0.4682797457865582	0.491273263119968	0.5564000477467641	0.5520264384894746	0.3602823122656209	0.2223381734741301	0.4605171330641902	0.54697314219199	0.47122754884857276	0.378339576333228	
80	0.4682797457865582	0.491273263119968	0.5564000477467641	0.5494997903407324	0.3602823122656209	0.2223381734741301	0.4605171330641902	0.54697314219199	0.47122754884857276	0.378339576333228	
81	0.4682797457865582	0.491273263119968	0.5564000477467641	0.5494997903407324	0.3602823122656209	0.2223381734741301	0.4605171330641902	0.54697314219199	0.47122754884857276	0.462656359262609	
82	0.46546805252458356	0.491273263119968	0.5564000477467641	0.5494997903407324	0.3602823122656209	0.2223381734741301	0.4605171330641902	0.54697314219199	0.47122754884857276	0.462656359262609	
83	0.46546805252458356	0.491273263119968	0.5564000477467641	0.5494997903407324	0.3602823122656209	0.2223381734741301	0.4605171330641902	0.54697314219199	0.46834780068657816	0.462656359262609	
84	0.46546805252458356	0.491273263119968	0.5564000477467641	0.5494997903407324	0.3602823122656209	0.2223381734741301	0.46158674616339956	0.54697314219199	0.46834780068657816	0.462656359262609	
85	0.46546805252458356	0.491273263119968	0.5564000477467641	0.5494997903407324	0.3602823122656209	0.2223381734741301	0.46158674616339956	0.54697314219199	0.46834780068657816	0.5048147507272995	
86	0.46546805252458356	0.491273263119968	0.5564000477467641	0.5494997903407324	0.3602823122656209	0.2223381734741301	0.46158674616339956	0.54697314219199	0.46834780068657816	0.3635764621007148	
87	0.46546805252458356	0.491273263119968	0.5564000477467641	0.5494997903407324	0.3602823122656209	0.2223381734741301	0.46158674616339956	0.551686594969377	0.46834780068657816	0.3635764621007148	
88	0.46546805252458356	0.491273263119968	0.5564000477467641	0.5494997903407324	0.3602823122656209	0.2223381734741301	0.46158674616339956	0.551686594969377	0.46834780068657816	0.4576315285350459	
89	0.46546805252458356	0.5214799290446726	0.5564000477467641	0.5494997903407324	0.3602823122656209	0.2223381734741301	0.46158674616339956	0.551686594969377	0.46834780068657816	0.4576315285350459	
90	0.46546805252458356	0.5214799290446726	0.5564000477467641	0.5494997903407324	0.3602823122656209	0.2223381734741301	0.46158674616339956	0.5540433213580706	0.46834780068657816	0.4576315285350459	
91	0.46546805252458356	0.5214799290446726	0.5564000477467641	0.5494997903407324	0.3602823122656209	0.2913102428698755	0.46158674616339956	0.5540433213580706	0.46834780068657816	0.4576315285350459	
92	0.46546805252458356	0.5214799290446726	0.5529499190437482	0.5494997903407324	0.3602823122656209	0.2913102428698755	0.46158674616339956	0.5540433213580706	0.46834780068657816	0.4576315285350459	
93	0.46546805252458356	0.5214799290446726	0.5372149240442103	0.5494997903407324	0.3602823122656209	0.2913102428698755	0.46158674616339956	0.5540433213580706	0.46834780068657816	0.4576315285350459	
94	0.46546805252458356	0.5214799290446726	0.5372149240442103	0.5494997903407324	0.3602823122656209	0.2913102428698755	0.46158674616339956	0.5456291227011405	0.46834780068657816	0.4576315285350459	
95	0.46546805252458356	0.5214799290446726	0.5372149240442103	0.5494997903407324	0.4487486181549156	0.2913102428698755	0.46158674616339956	0.5456291227011405	0.46834780068657816	0.4576315285350459	
96	0.46546805252458356	0.5214799290446726	0.5372149240442103	0.5494997903407324	0.4487486181549156	0.2913102428698755	0.46158674616339956	0.5414220233726754	0.46834780068657816	0.4576315285350459	
97	0.46546805252458356	0.5214799290446726	0.5372149240442103	0.5494997903407324	0.4487486181549156	0.2913102428698755	0.46158674616339956	0.5414220233726754	0.46834780068657816	0.3744708857024607	
98	0.46546805252458356	0.5214799290446726	0.5372149240442103	0.5494997903407324	0.4487486181549156	0.2913102428698755	0.46158674616339956	0.5414220233726754	0.37982902177822686	0.3744708857024607	
99	0.46546805252458356	0.5214799290446726	0.5372149240442103	0.5494997903407324	0.4487486181549156	0.2913102428698755	0.46158674616339956	0.5393184737084429	0.37982902177822686	0.3744708857024607	
100	0.4199694691135221	0.5214799290446726	0.5372149240442103	0.5494997903407324	0.4487486181549156	0.2913102428698755	0.46158674616339956	0.5393184737084429	0.37982902177822686	0.3744708857024607	
101	0.4199694691135221	0.5214799290446726	0.5372149240442103	0.5494997903407324	0.4487486181549156	0.2913102428698755	0.46158674616339956	0.5393184737084429	0.3998992454458745	0.3744708857024607	
102	0.4199694691135221	0.5214799290446726	0.5372149240442103	0.5494997903407324	0.4487486181549156	0.37002943051239556	0.46158674616339956	0.5393184737084429	0.3998992454458745	0.3744708857024607	
103	0.4199694691135221	0.5214799290446726	0.5372149240442103	0.5494997903407324	0.4487486181549156	0.4093890243336556	0.46158674616339956	0.5393184737084429	0.3998992454458745	0.3744708857024607	
104	0.4199694691135221	0.5214799290446726	0.5372149240442103	0.5444091320245876	0.4487486181549156	0.4093890243336556	0.46158674616339956	0.5393184737084429	0.3998992454458745	0.3744708857024607	
105	0.4199694691135221	0.5303992013765577	0.5372149240442103	0.5444091320245876	0.4487486181549156	0.4093890243336556	0.46158674616339956	0.5393184737084429	0.3998992454458745	0.3744708857024607	
106	0.4199694691135221	0.5303992013765577	0.5372149240442103	0.5444091320245876	0.4487486181549156	0.4093890243336556	0.46158674616339956	0.5393184737084429	0.40464413488976503	0.3744708857024607	
107	0.4199694691135221	0.5303992013765577	0.5372149240442103	0.5444091320245876	0.4487486181549156	0.4093890243336556	0.46158674616339956	0.47198130429910395	0.40464413488976503	0.3744708857024607	
108	0.4199694691135221	0.5303992013765577	0.5372149240442103	0.5081952181618458	0.4487486181549156	0.4093890243336556	0.46158674616339956	0.47198130429910395	0.40464413488976503	0.3744708857024607	
109	0.4199694691135221	0.5303992013765577	0.533807062710384	0.5081952181618458	0.4487486181549156	0.4093890243336556	0.46158674616339956	0.47198130429910395	0.40464413488976503	0.3744708857024607	
110	0.4199694691135221	0.5303992013765577	0.533807062710384	0.4900882612304749	0.4487486181549156	0.4093890243336556	0.46158674616339956	0.47198130429910395	0.40464413488976503	0.3744708857024607	
111	0.4199694691135221	0.5303992013765577	0.533807062710384	0.4900882612304749	0.4487486181549156	0.4093890243336556	0.46158674616339956	0.47198130429910395	0.40464413488976503	0.42322609500078234	
112	0.4199694691135221	0.5011902528378308	0.533807062710384	0.4900882612304749	0.4487486181549156	0.4093890243336556	0.46158674616339956	0.47198130429910395	0.40464413488976503	0.42322609500078234	
113	0.4407781076384608	0.5011902528378308	0.533807062710384	0.4900882612304749	0.4487486181549156	0.4093890243336556	0.46158674616339956	0.47198130429910395	0.40464413488976503	0.42322609500078234	
114	0.4407781076384608	0.4709841802381458	0.533807062710384	0.4900882612304749	0.4487486181549156	0.4093890243336556	0.46158674616339956	0.47198130429910395	0.40464413488976503	0.42322609500078234	
115	0.4407781076384608	0.4709841802381458	0.5023956214742649	0.4900882612304749	0.4487486181549156	0.4093890243336556	0.46158674616339956	0.47198130429910395	0.40464413488976503	0.42322609500078234	
116	0.4407781076384608	0.4709841802381458	0.5023956214742649	0.4900882612304749	0.4487486181549156	0.4093890243336556	0.46158674616339956	0.47198130429910395	0.40464413488976503	0.416307559667219	
117	0.4407781076384608	0.4709841802381458	0.5023956214742649	0.4900882612304749	0.47557211981459024	0.4093890243336556	0.46158674616339956	0.47198130429910395	0.40464413488976503	0.416307559667219	
118	0.4407781076384608	0.4709841802381458	0.5023956214742649	0.4900882612304749	0.47557211981459024	0.4093890243336556	0.4389471529153093	0.47198130429910395	0.40464413488976503	0.416307559667219	
119	0.4407781076384608	0.4709841802381458	0.5023956214742649	0.4900882612304749	0.47557211981459024	0.4093890243336556	0.4389471529153093	0.47198130429910395	0.40464413488976503	0.44414443198316145	
120	0.4407781076384608	0.4709841802381458	0.5023956214742649	0.4900882612304749	0.47557211981459024	0.4093890243336556	0.44154579244923536	0.47198130429910395	0.40464413488976503	0.44414443198316145	
121	0.44246126981081113	0.4709841802381458	0.5023956214742649	0.4900882612304749	0.47557211981459024	0.4093890243336556	0.44154579244923536	0.47198130429910395	0.40464413488976503	0.44414443198316145	
122	0.44246126981081113	0.4709841802381458	0.48668990085620534	0.4900882612304749	0.47557211981459024	0.4093890243336556	0.44154579244923536	0.47198130429910395	0.40464413488976503	0.44414443198316145	
123	0.44246126981081113	0.4709841802381458	0.4788370405471756	0.4900882612304749	0.47557211981459024	0.4093890243336556	0.44154579244923536	0.47198130429910395	0.40464413488976503	0.44414443198316145	
124	0.44246126981081113	0.45672272502447847	0.4788370405471756	0.4900882612304749	0.47557211981459024	0.4093890243336556	0.44154579244923536	0.47198130429910395	0.40464413488976503	0.44414443198316145	
125	0.44246126981081113	0.45672272502447847	0.4788370405471756	0.4900882612304749	0.47557211981459024	0.4093890243336556	0.4428451122161984	0.47198130429910395	0.40464413488976503	0.44414443198316145	
126	0.44246126981081113	0.45672272502447847	0.4788370405471756	0.4810347827647894	0.47557211981459024	0.4093890243336556	0.4428451122161984	0.47198130429910395	0.40464413488976503	0.44414443198316145	
127	0.44246126981081113	0.4643520146617912	0.4788370405471756	0.4810347827647894	0.47557211981459024	0.4093890243336556	0.4428451122161984	0.47198130429910395	0.40464413488976503	0.44414443198316145	
128	0.44246126981081113	0.4643520146617912	0.4788370405471756	0.4810347827647894	0.47557211981459024	0.44248057207412295	0.4428451122161984	0.47198130429910395	0.40464413488976503	0.44414443198316145	
129	0.44246126981081113	0.4643520146617912	0.4788370405471756	0.4810347827647894	0.47557211981459024	0.44248057207412295	0.4428451122161984	0.4383127195944345	0.40464413488976503	0.44414443198316145	
130	0.44246126981081113	0.4643520146617912	0.4799359116559825	0.4810347827647894	0.47557211981459024	0.44248057207412295	0.4428451122161984	0.4383127195944345	0.40464413488976503	0.44414443198316145	
131	0.44246126981081113	0.45133236712811287	0.4799359116559825	0.4810347827647894	0.47557211981459024	0.44248057207412295	0.4428451122161984	0.4383127195944345	0.40464413488976503	0.44414443198316145	
132	0.44246126981081113	0.45133236712811287	0.48048534721038594	0.4810347827647894	0.47557211981459024	0.44248057207412295	0.4428451122161984	0.4383127195944345	0.40464413488976503	0.44414443198316145	
133	0.44246126981081113	0.45133236712811287	0.48048534721038594	0.4810347827647894	0.47557211981459024	0.44248057207412295	0.4434947720996799	0.4383127195944345	0.40464413488976503	0.44414443198316145	
134	0.44246126981081113	0.45133236712811287	0.48048534721038594	0.4810347827647894	0.47557211981459024	0.44248057207412295	0.4434947720996799	0.4214784272420998	0.40464413488976503	0.44414443198316145	
135	0.44246126981081113	0.45133236712811287	0.48048534721038594	0.4810347827647894	0.47557211981459024	0.44248057207412295	0.4434947720996799	0.4214784272420998	0.40464413488976503	0.43281142961263064	
136	0.44246126981081113	0.45133236712811287	0.48048534721038594	0.4810347827647894	0.47557211981459024	0.44248057207412295	0.4434947720996799	0.4214784272420998	0.40464413488976503	0.4376460008433768	
137	0.44246126981081113	0.45133236712811287	0.48048534721038594	0.4810347827647894	0.47557211981459024	0.44248057207412295	0.4434947720996799	0.4214784272420998	0.40464413488976503	0.44006328645874987	
138	0.44246126981081113	0.45133236712811287	0.48048534721038594	0.4810347827647894	0.47557211981459024	0.44248057207412295	0.44177902927921486	0.4214784272420998	0.40464413488976503	0.44006328645874987	
139	0.442120149545013	0.45133236712811287	0.48048534721038594	0.4810347827647894	0.47557211981459024	0.44248057207412295	0.44177902927921486	0.4214784272420998	0.40464413488976503	0.44006328645874987	
140	0.442120149545013	0.4364053971851063	0.48048534721038594	0.4810347827647894	0.47557211981459024	0.44248057207412295	0.44177902927921486	0.4214784272420998	0.40464413488976503	0.44006328645874987	
141	0.4410917180018814	0.4364053971851063	0.48048534721038594	0.4810347827647894	0.47557211981459024	0.44248057207412295	0.44177902927921486	0.4214784272420998	0.40464413488976503	0.44006328645874987	
142	0.4410917180018814	0.4364053971851063	0.48048534721038594	0.4810347827647894	0.47557211981459024	0.44248057207412295	0.44177902927921486	0.4214784272420998	0.40464413488976503	0.44127192926643644	
143	0.4410917180018814	0.4364053971851063	0.48048534721038594	0.4810347827647894	0.47557211981459024	0.4590263459443566	0.44177902927921486	0.4214784272420998	0.40464413488976503	0.44127192926643644	
144	0.4410917180018814	0.43874855759349385	0.48048534721038594	0.4810347827647894	0.47557211981459024	0.4590263459443566	0.44177902927921486	0.4214784272420998	0.40464413488976503	0.44127192926643644	
145	0.44143537364054813	0.43874855759349385	0.48048534721038594	0.4810347827647894	0.47557211981459024	0.4590263459443566	0.44177902927921486	0.4214784272420998	0.40464413488976503	0.44127192926643644	
146	0.44143537364054813	0.43011349241779684	0.48048534721038594	0.4810347827647894	0.47557211981459024	0.4590263459443566	0.44177902927921486	0.4214784272420998	0.40464413488976503	0.44127192926643644	
147	0.44143537364054813	0.43011349241779684	0.48048534721038594	0.4810347827647894	0.4780287335124881	0.4590263459443566	0.44177902927921486	0.4214784272420998	0.40464413488976503	0.44127192926643644	
148	0.44143537364054813	0.43011349241779684	0.48048534721038594	0.4810347827647894	0.4780287335124881	0.4590263459443566	0.44177902927921486	0.4214784272420998	0.4318352404170608	0.44127192926643644	
149	0.44143537364054813	0.43011349241779684	0.48048534721038594	0.4810347827647894	0.4780287335124881	0.4590263459443566	0.44177902927921486	0.4214784272420998	0.4366353070288045	0.44127192926643644	
150	0.44143537364054813	0.43011349241779684	0.48048534721038594	0.4810347827647894	0.4780287335124881	0.4590263459443566	0.44177902927921486	0.4214784272420998	0.4390353403346763	0.44127192926643644	
151	0.44143537364054813	0.42579595982994833	0.48048534721038594	0.4810347827647894	0.4780287335124881	0.4590263459443566	0.44177902927921486	0.4214784272420998	0.4390353403346763	0.44127192926643644	
152	0.44143537364054813	0.42579595982994833	0.48048534721038594	0.4810347827647894	0.4780287335124881	0.4590263459443566	0.44177902927921486	0.430256883788388	0.4390353403346763	0.44127192926643644	
153	0.44143537364054813	0.42579595982994833	0.48048534721038594	0.4556458332765887	0.4780287335124881	0.4590263459443566	0.44177902927921486	0.430256883788388	0.4390353403346763	0.44127192926643644	
154	0.44143537364054813	0.42579595982994833	0.48048534721038594	0.4556458332765887	0.4780287335124881	0.4590263459443566	0.44177902927921486	0.430256883788388	0.4402353569876122	0.44127192926643644	
155	0.44143537364054813	0.42579595982994833	0.48048534721038594	0.4556458332765887	0.4780287335124881	0.4590263459443566	0.44177902927921486	0.45537111549938697	0.4402353569876122	0.44127192926643644	
156	0.44143537364054813	0.42579595982994833	0.48048534721038594	0.4556458332765887	0.4780287335124881	0.4590263459443566	0.44177902927921486	0.45537111549938697	0.44963085146598436	0.44127192926643644	
157	0.44143537364054813	0.4336156667352482	0.48048534721038594	0.4556458332765887	0.4780287335124881	0.4590263459443566	0.44177902927921486	0.45537111549938697	0.44963085146598436	0.44127192926643644	
158	0.44143537364054813	0.4336156667352482	0.4680655902434873	0.4556458332765887	0.4780287335124881	0.4590263459443566	0.44177902927921486	0.45537111549938697	0.44963085146598436	0.44127192926643644	
159	0.44143537364054813	0.4336156667352482	0.4680655902434873	0.4556458332765887	0.4780287335124881	0.4590263459443566	0.44177902927921486	0.45537111549938697	0.44963085146598436	0.45014913760539654	
160	0.44143537364054813	0.4336156667352482	0.4680655902434873	0.4556458332765887	0.4780287335124881	0.4590263459443566	0.44177902927921486	0.45537111549938697	0.44963085146598436	0.4545877417748766	
161	0.44143537364054813	0.4336156667352482	0.4680655902434873	0.4556458332765887	0.4780287335124881	0.4590263459443566	0.44177902927921486	0.45537111549938697	0.4455331125532662	0.4545877417748766	
162	0.44143537364054813	0.44449339111731756	0.4680655902434873	0.4556458332765887	0.4780287335124881	0.4590263459443566	0.44177902927921486	0.45537111549938697	0.4455331125532662	0.4545877417748766	
163	0.44143537364054813	0.44449339111731756	0.4680655902434873	0.4555084743879878	0.4780287335124881	0.4590263459443566	0.44177902927921486	0.45537111549938697	0.4455331125532662	0.4545877417748766	
164	0.44143537364054813	0.4429643823789329	0.4680655902434873	0.4555084743879878	0.4780287335124881	0.4590263459443566	0.44177902927921486	0.45537111549938697	0.4455331125532662	0.4545877417748766	
165	0.44143537364054813	0.4429643823789329	0.4680655902434873	0.4555084743879878	0.4780287335124881	0.4590263459443566	0.44177902927921486	0.45537111549938697	0.45227972924881144	0.4545877417748766	
166	0.44143537364054813	0.4429643823789329	0.4680655902434873	0.4555084743879878	0.4780287335124881	0.4590263459443566	0.44177902927921486	0.46171835287143714	0.45227972924881144	0.4545877417748766	
167	0.44143537364054813	0.4429643823789329	0.4680655902434873	0.4555084743879878	0.4780287335124881	0.4590263459443566	0.44177902927921486	0.46171835287143714	0.45565303759658404	0.4545877417748766	
168	0.44143537364054813	0.4429643823789329	0.4555149863112101	0.4555084743879878	0.4780287335124881	0.4590263459443566	0.44177902927921486	0.46171835287143714	0.45565303759658404	0.4545877417748766	
169	0.4480115577077124	0.4429643823789329	0.4555149863112101	0.4555084743879878	0.4780287335124881	0.4590263459443566	0.44177902927921486	0.46171835287143714	0.45565303759658404	0.4545877417748766	
170	0.4512996497412945	0.4429643823789329	0.4555149863112101	0.4555084743879878	0.4780287335124881	0.4590263459443566	0.44177902927921486	0.46171835287143714	0.45565303759658404	0.4545877417748766	
171	0.4512996497412945	0.4429643823789329	0.4555149863112101	0.4555084743879878	0.4780287335124881	0.4590263459443566	0.44177902927921486	0.45861666959132363	0.45565303759658404	0.4545877417748766	
172	0.4512996497412945	0.4429643823789329	0.4555149863112101	0.4570625719896557	0.4780287335124881	0.4590263459443566	0.44177902927921486	0.45861666959132363	0.45565303759658404	0.4545877417748766	
173	0.4512996497412945	0.4429643823789329	0.4555149863112101	0.4570625719896557	0.4780287335124881	0.4590263459443566	0.44177902927921486	0.45861666959132363	0.4534763436689393	0.4545877417748766	
174	0.4512996497412945	0.4429643823789329	0.4555149863112101	0.4570625719896557	0.4780287335124881	0.4590263459443566	0.44177902927921486	0.45861666959132363	0.456251344806648	0.4545877417748766	
175	0.4529436957580856	0.4429643823789329	0.4555149863112101	0.4570625719896557	0.4780287335124881	0.4590263459443566	0.44177902927921486	0.45861666959132363	0.456251344806648	0.4545877417748766	
176	0.4529436957580856	0.4429643823789329	0.4555149863112101	0.4570625719896557	0.4780287335124881	0.4590263459443566	0.44177902927921486	0.4570658279512669	0.456251344806648	0.4545877417748766	
177	0.4529436957580856	0.4429643823789329	0.4492396843450715	0.4570625719896557	0.4780287335124881	0.4590263459443566	0.44177902927921486	0.4570658279512669	0.456251344806648	0.4545877417748766	
178	0.4529436957580856	0.4429643823789329	0.4492396843450715	0.4570625719896557	0.4636342089287798	0.4590263459443566	0.44177902927921486	0.4570658279512669	0.456251344806648	0.4545877417748766	
179	0.4529436957580856	0.4429643823789329	0.4531511281673636	0.4570625719896557	0.4636342089287798	0.4590263459443566	0.44177902927921486	0.4570658279512669	0.456251344806648	0.4545877417748766	
180	0.4537657187664811	0.4429643823789329	0.4531511281673636	0.4570625719896557	0.4636342089287798	0.4590263459443566	0.44177902927921486	0.4570658279512669	0.456251344806648	0.4545877417748766	
181	0.447772374022848	0.4429643823789329	0.4531511281673636	0.4570625719896557	0.4636342089287798	0.4590263459443566	0.44177902927921486	0.4570658279512669	0.456251344806648	0.4545877417748766	
182	0.447772374022848	0.4429643823789329	0.4531511281673636	0.4570625719896557	0.4636342089287798	0.4590263459443566	0.44177902927921486	0.4566585863789574	0.456251344806648	0.4545877417748766	
183	0.447772374022848	0.4429643823789329	0.44805775527314823	0.4570625719896557	0.4636342089287798	0.4590263459443566	0.44177902927921486	0.4566585863789574	0.456251344806648	0.4545877417748766	
184	0.447772374022848	0.44981148437894514	0.44805775527314823	0.4570625719896557	0.4636342089287798	0.4590263459443566	0.44177902927921486	0.4566585863789574	0.456251344806648	0.4545877417748766	
185	0.447772374022848	0.44981148437894514	0.44805775527314823	0.4570625719896557	0.4636342089287798	0.4590263459443566	0.44177902927921486	0.4566585863789574	0.456251344806648	0.45680704385961657	
186	0.447772374022848	0.44981148437894514	0.44805775527314823	0.4570625719896557	0.4636342089287798	0.4590263459443566	0.44177902927921486	0.4523581708260528	0.456251344806648	0.45680704385961657	
187	0.447772374022848	0.45108482760249896	0.44805775527314823	0.4570625719896557	0.4636342089287798	0.4590263459443566	0.44177902927921486	0.4523581708260528	0.456251344806648	0.45680704385961657	
188	0.447772374022848	0.45108482760249896	0.4495712914378236	0.4570625719896557	0.4636342089287798	0.4590263459443566	0.44177902927921486	0.4523581708260528	0.456251344806648	0.45680704385961657	
189	0.45228970894123227	0.45108482760249896	0.4495712914378236	0.4570625719896557	0.4636342089287798	0.4590263459443566	0.44177902927921486	0.4523581708260528	0.456251344806648	0.45680704385961657	
190	0.45228970894123227	0.45108482760249896	0.4495712914378236	0.4570625719896557	0.4636342089287798	0.4613302774365682	0.44177902927921486	0.4523581708260528	0.456251344806648	0.45680704385961657	
191	0.45228970894123227	0.45108482760249896	0.4495712914378236	0.4570625719896557	0.4636342089287798	0.4613302774365682	0.44177902927921486	0.4523581708260528	0.4587908111216081	0.45680704385961657	
192	0.45228970894123227	0.45108482760249896	0.4495712914378236	0.4570625719896557	0.4636342089287798	0.4613302774365682	0.44177902927921486	0.4523581708260528	0.4587908111216081	0.4590686606480924	
193	0.45228970894123227	0.45108482760249896	0.4495712914378236	0.4570625719896557	0.4636342089287798	0.4613302774365682	0.44177902927921486	0.4523581708260528	0.4587908111216081	0.4601994690423303	
194	0.45228970894123227	0.45108482760249896	0.45331693171373966	0.4570625719896557	0.4636342089287798	0.4613302774365682	0.44177902927921486	0.4523581708260528	0.4587908111216081	0.4601994690423303	
195	0.45228970894123227	0.45172149921427585	0.45331693171373966	0.4570625719896557	0.4636342089287798	0.4613302774365682	0.44177902927921486	0.4523581708260528	0.4587908111216081	0.4601994690423303	
196	0.45228970894123227	0.45172149921427585	0.45331693171373966	0.4570625719896557	0.4636342089287798	0.4613302774365682	0.44177902927921486	0.4523581708260528	0.46006054427908816	0.4601994690423303	
197	0.45228970894123227	0.45172149921427585	0.45331693171373966	0.4570625719896557	0.4636342089287798	0.4613302774365682	0.44177902927921486	0.4523581708260528	0.45617512661016024	0.4601994690423303	
198	0.4562445889917813	0.45172149921427585	0.45331693171373966	0.4570625719896557	0.4636342089287798	0.4613302774365682	0.44177902927921486	0.4523581708260528	0.45617512661016024	0.4601994690423303	
199	0.4562445889917813	0.45172149921427585	0.45331693171373966	0.4570625719896557	0.4636342089287798	0.4613302774365682	0.44177902927921486	0.4523581708260528	0.45617512661016024	0.4562788199341915	
200	0.4562445889917813	0.45172149921427585	0.45331693171373966	0.4570625719896557	0.4636342089287798	0.462482243182674	0.44177902927921486	0.4523581708260528	0.45617512661016024	0.4562788199341915	
201	0.4562445889917813	0.45172149921427585	0.45331693171373966	0.4570625719896557	0.4636342089287798	0.462482243182674	0.4490289246067032	0.4523581708260528	0.45617512661016024	0.4562788199341915	
202	0.4562445889917813	0.45172149921427585	0.45331693171373966	0.4570625719896557	0.4636342089287798	0.462482243182674	0.4490289246067032	0.4523581708260528	0.4562098578009708	0.4562788199341915	
203	0.4562445889917813	0.4539830441030286	0.45331693171373966	0.4570625719896557	0.4636342089287798	0.462482243182674	0.4490289246067032	0.4523581708260528	0.4562098578009708	0.4562788199341915	
204	0.4562445889917813	0.4539830441030286	0.45331693171373966	0.4570625719896557	0.45847557032125974	0.462482243182674	0.4490289246067032	0.4523581708260528	0.4562098578009708	0.4562788199341915	
205	0.4562445889917813	0.4539830441030286	0.45331693171373966	0.45471037140785425	0.45847557032125974	0.462482243182674	0.4490289246067032	0.4523581708260528	0.4562098578009708	0.4562788199341915	
206	0.4562445889917813	0.4539830441030286	0.4536499879083841	0.45471037140785425	0.45847557032125974	0.462482243182674	0.4490289246067032	0.4523581708260528	0.4562098578009708	0.4562788199341915	
207	0.4562445889917813	0.4539830441030286	0.4536499879083841	0.45471037140785425	0.45847557032125974	0.462482243182674	0.4490289246067032	0.4523581708260528	0.4562098578009708	0.45431849538012214	
208	0.4562445889917813	0.4539830441030286	0.4536499879083841	0.45353427111695355	0.45847557032125974	0.462482243182674	0.4490289246067032	0.4523581708260528	0.4562098578009708	0.45431849538012214	
209	0.45528154218595174	0.4539830441030286	0.4536499879083841	0.45353427111695355	0.45847557032125974	0.462482243182674	0.4490289246067032	0.4523581708260528	0.4562098578009708	0.45431849538012214	
210	0.45528154218595174	0.4539830441030286	0.4536499879083841	0.45353427111695355	0.45847557032125974	0.462482243182674	0.4490289246067032	0.4542840143135118	0.4562098578009708	0.45431849538012214	
211	0.45528154218595174	0.4539830441030286	0.4536499879083841	0.45353427111695355	0.45847557032125974	0.4604789067519669	0.4490289246067032	0.4542840143135118	0.4562098578009708	0.45431849538012214	
212	0.45528154218595174	0.45463229314449016	0.4536499879083841	0.45353427111695355	0.45847557032125974	0.4604789067519669	0.4490289246067032	0.4542840143135118	0.4562098578009708	0.45431849538012214	
213	0.45215523339632746	0.45463229314449016	0.4536499879083841	0.45353427111695355	0.45847557032125974	0.4604789067519669	0.4490289246067032	0.4542840143135118	0.4562098578009708	0.45431849538012214	
214	0.45215523339632746	0.45463229314449016	0.4536499879083841	0.45353427111695355	0.45847557032125974	0.4604789067519669	0.45167370999341266	0.4542840143135118	0.4562098578009708	0.45431849538012214	
215	0.45215523339632746	0.45463229314449016	0.4536499879083841	0.45390914271523264	0.45847557032125974	0.4604789067519669	0.45167370999341266	0.4542840143135118	0.4562098578009708	0.45431849538012214	
216	0.45215523339632746	0.45463229314449016	0.4537795653118084	0.45390914271523264	0.45847557032125974	0.4604789067519669	0.45167370999341266	0.4542840143135118	0.4562098578009708	0.45431849538012214	
217	0.4519144716948701	0.45463229314449016	0.4537795653118084	0.45390914271523264	0.45847557032125974	0.4604789067519669	0.45167370999341266	0.4542840143135118	0.4562098578009708	0.45431849538012214	
218	0.4519144716948701	0.45463229314449016	0.4537795653118084	0.45390914271523264	0.45847557032125974	0.4604789067519669	0.45167370999341266	0.4542840143135118	0.45406216474792044	0.45431849538012214	
219	0.4519144716948701	0.45463229314449016	0.4537795653118084	0.45390914271523264	0.4561275678165341	0.4604789067519669	0.45167370999341266	0.4542840143135118	0.45406216474792044	0.45431849538012214	
220	0.4519144716948701	0.45463229314449016	0.4537795653118084	0.45409657851437224	0.4561275678165341	0.4604789067519669	0.45167370999341266	0.4542840143135118	0.45406216474792044	0.45431849538012214	
221	0.4519144716948701	0.45463229314449016	0.4542059292281493	0.45409657851437224	0.4561275678165341	0.4604789067519669	0.45167370999341266	0.4542840143135118	0.45406216474792044	0.45431849538012214	
222	0.4531164835374961	0.45463229314449016	0.4542059292281493	0.45409657851437224	0.4561275678165341	0.4604789067519669	0.45167370999341266	0.4542840143135118	0.45406216474792044	0.45431849538012214	
223	0.4531164835374961	0.45463229314449016	0.4542059292281493	0.45409657851437224	0.4561275678165341	0.4604789067519669	0.45167370999341266	0.45424497177083056	0.45406216474792044	0.45431849538012214	
224	0.4531164835374961	0.45463229314449016	0.4542059292281493	0.45409657851437224	0.4561275678165341	0.4604789067519669	0.45167370999341266	0.4541535682593755	0.45406216474792044	0.45431849538012214	
225	0.4531164835374961	0.45463229314449016	0.4542059292281493	0.45409657851437224	0.4561275678165341	0.4583032372842505	0.45167370999341266	0.4541535682593755	0.45406216474792044	0.45431849538012214	
226	0.4531164835374961	0.45463229314449016	0.4542059292281493	0.45409657851437224	0.4551667485223417	0.4583032372842505	0.45167370999341266	0.4541535682593755	0.45406216474792044	0.45431849538012214	
227	0.4531164835374961	0.4543929307019328	0.4542059292281493	0.45409657851437224	0.4551667485223417	0.4583032372842505	0.45167370999341266	0.4541535682593755	0.45406216474792044	0.45431849538012214	
228	0.4531164835374961	0.4543929307019328	0.4542059292281493	0.45409657851437224	0.4551667485223417	0.4583032372842505	0.45167370999341266	0.4541797487437624	0.45406216474792044	0.45431849538012214	
229	0.45371748945880913	0.4543929307019328	0.4542059292281493	0.45409657851437224	0.4551667485223417	0.4583032372842505	0.45167370999341266	0.4541797487437624	0.45406216474792044	0.45431849538012214	
230	0.45371748945880913	0.4543929307019328	0.4542059292281493	0.45409657851437224	0.4551667485223417	0.4583032372842505	0.4529961026867674	0.4541797487437624	0.45406216474792044	0.45431849538012214	
231	0.45371748945880913	0.4542863397228476	0.4542059292281493	0.45409657851437224	0.4551667485223417	0.4583032372842505	0.4529961026867674	0.4541797487437624	0.45406216474792044	0.45431849538012214	
232	0.45371748945880913	0.4542863397228476	0.4542059292281493	0.45409657851437224	0.4551667485223417	0.4583032372842505	0.4529961026867674	0.4541797487437624	0.4538898271033648	0.45431849538012214	
233	0.45371748945880913	0.4540019145908284	0.4542059292281493	0.45409657851437224	0.4551667485223417	0.4583032372842505	0.4529961026867674	0.4541797487437624	0.4538898271033648	0.45431849538012214	
234	0.4533567960727882	0.4540019145908284	0.4542059292281493	0.45409657851437224	0.4551667485223417	0.4583032372842505	0.4529961026867674	0.4541797487437624	0.4538898271033648	0.45431849538012214	
235	0.4533567960727882	0.4540019145908284	0.4542059292281493	0.45409657851437224	0.4551667485223417	0.4583032372842505	0.45365729903344476	0.4541797487437624	0.4538898271033648	0.45431849538012214	
236	0.4533567960727882	0.4540019145908284	0.4542059292281493	0.45413816362906734	0.4551667485223417	0.4583032372842505	0.45365729903344476	0.4541797487437624	0.4538898271033648	0.45431849538012214	
237	0.4533567960727882	0.45409083166729536	0.4542059292281493	0.45413816362906734	0.4551667485223417	0.4583032372842505	0.45365729903344476	0.4541797487437624	0.4538898271033648	0.45431849538012214	
238	0.4533567960727882	0.45409083166729536	0.4542059292281493	0.45413816362906734	0.4551667485223417	0.4583032372842505	0.45365729903344476	0.45419283898595586	0.4538898271033648	0.45431849538012214	
239	0.4533567960727882	0.45409083166729536	0.4542059292281493	0.45413816362906734	0.4551667485223417	0.4583032372842505	0.45365729903344476	0.45419283898595586	0.4538898271033648	0.4563108663321863	
240	0.4533567960727882	0.45409083166729536	0.4542059292281493	0.45413816362906734	0.4551667485223417	0.4583032372842505	0.45365729903344476	0.4540413330446603	0.4538898271033648	0.4563108663321863	
241	0.4533567960727882	0.45409083166729536	0.4541720464286083	0.45413816362906734	0.4551667485223417	0.4583032372842505	0.45365729903344476	0.4540413330446603	0.4538898271033648	0.4563108663321863	
242	0.4533567960727882	0.4537238138700418	0.4541720464286083	0.45413816362906734	0.4551667485223417	0.4583032372842505	0.45365729903344476	0.4540413330446603	0.4538898271033648	0.4563108663321863	
243	0.4533567960727882	0.4537238138700418	0.4541720464286083	0.45413816362906734	0.4551667485223417	0.4583032372842505	0.45498408268281554	0.4540413330446603	0.4538898271033648	0.4563108663321863	
244	0.4533567960727882	0.4537238138700418	0.4541720464286083	0.45413816362906734	0.4551667485223417	0.4583032372842505	0.45498408268281554	0.45396558007401255	0.4538898271033648	0.4563108663321863	
245	0.4533567960727882	0.4537238138700418	0.4541720464286083	0.45413816362906734	0.4551667485223417	0.4583032372842505	0.45498408268281554	0.45392770358868867	0.4538898271033648	0.4563108663321863	
246	0.45483383120248727	0.4537238138700418	0.4541720464286083	0.45413816362906734	0.4551667485223417	0.4583032372842505	0.45498408268281554	0.45392770358868867	0.4538898271033648	0.4563108663321863	
247	0.45557234876733677	0.4537238138700418	0.4541720464286083	0.45413816362906734	0.4551667485223417	0.4583032372842505	0.45498408268281554	0.45392770358868867	0.4538898271033648	0.4563108663321863	
248	0.45557234876733677	0.4537238138700418	0.4541720464286083	0.45413816362906734	0.4551667485223417	0.4583032372842505	0.45498408268281554	0.45392770358868867	0.4538898271033648	0.4573070518082184	
249	0.45557234876733677	0.4537238138700418	0.4541720464286083	0.45413816362906734	0.45466939747547497	0.4583032372842505	0.45498408268281554	0.45392770358868867	0.4538898271033648	0.4573070518082184	
250	0.45557234876733677	0.4537238138700418	0.45394793014932505	0.45413816362906734	0.45466939747547497	0.4583032372842505	0.45498408268281554	0.45392770358868867	0.4538898271033648	0.4573070518082184	
251	0.45557234876733677	0.4537238138700418	0.45394793014932505	0.45413816362906734	0.45466939747547497	0.4583032372842505	0.45498408268281554	0.45392770358868867	0.45609653219380764	0.4573070518082184	
252	0.45557234876733677	0.4537238138700418	0.45394793014932505	0.45413816362906734	0.45466939747547497	0.4583032372842505	0.45498408268281554	0.45393781686900686	0.45609653219380764	0.4573070518082184	
253	0.45557234876733677	0.4546480813186893	0.45394793014932505	0.45413816362906734	0.45466939747547497	0.4583032372842505	0.45498408268281554	0.45393781686900686	0.45609653219380764	0.4573070518082184	
254	0.45557234876733677	0.455110215043013	0.45394793014932505	0.45413816362906734	0.45466939747547497	0.4583032372842505	0.45498408268281554	0.45393781686900686	0.45609653219380764	0.4573070518082184	
255	0.45557234876733677	0.45452401595600994	0.45394793014932505	0.45413816362906734	0.45466939747547497	0.4583032372842505	0.45498408268281554	0.45393781686900686	0.45609653219380764	0.4573070518082184	
256	0.45557234876733677	0.45452401595600994	0.45394793014932505	0.45413816362906734	0.45466939747547497	0.4583032372842505	0.45498408268281554	0.45393781686900686	0.45609653219380764	0.45780514454623444	
257	0.45527821572507615	0.45452401595600994	0.45394793014932505	0.45413816362906734	0.45466939747547497	0.4583032372842505	0.45498408268281554	0.45393781686900686	0.45609653219380764	0.45780514454623444	
258	0.4551311492039458	0.45452401595600994	0.45394793014932505	0.45413816362906734	0.45466939747547497	0.4583032372842505	0.45498408268281554	0.45393781686900686	0.45609653219380764	0.45780514454623444	
259	0.4551311492039458	0.45452401595600994	0.45394793014932505	0.45413816362906734	0.45466939747547497	0.4583032372842505	0.45498408268281554	0.4550171745314072	0.45609653219380764	0.45780514454623444	
260	0.4551311492039458	0.45452401595600994	0.4542359730526675	0.45413816362906734	0.45466939747547497	0.4583032372842505	0.45498408268281554	0.4550171745314072	0.45609653219380764	0.45780514454623444	
261	0.4551311492039458	0.45477059524370855	0.4542359730526675	0.45413816362906734	0.45466939747547497	0.4583032372842505	0.45498408268281554	0.4550171745314072	0.45609653219380764	0.45780514454623444	
262	0.4550576159433807	0.45477059524370855	0.4542359730526675	0.45413816362906734	0.45466939747547497	0.4583032372842505	0.45498408268281554	0.4550171745314072	0.45609653219380764	0.45780514454623444	
263	0.4550576159433807	0.45477059524370855	0.4542359730526675	0.45413816362906734	0.45466939747547497	0.4583032372842505	0.456394613614525	0.4550171745314072	0.45609653219380764	0.45780514454623444	
264	0.4550576159433807	0.45477059524370855	0.4542359730526675	0.45413816362906734	0.45466939747547497	0.4583032372842505	0.456394613614525	0.4550171745314072	0.45719988473902906	0.45780514454623444	
265	0.4550576159433807	0.45477059524370855	0.4542359730526675	0.45413816362906734	0.45466939747547497	0.4583032372842505	0.456394613614525	0.45610852963521814	0.45719988473902906	0.45780514454623444	
266	0.4550576159433807	0.45477059524370855	0.4542359730526675	0.45413816362906734	0.45466939747547497	0.4583032372842505	0.456394613614525	0.45610852963521814	0.45719988473902906	0.4569568370907263	
267	0.4550576159433807	0.4554395624394634	0.4542359730526675	0.45413816362906734	0.45466939747547497	0.4583032372842505	0.456394613614525	0.45610852963521814	0.45719988473902906	0.4569568370907263	
268	0.4550576159433807	0.45577404603734073	0.4542359730526675	0.45413816362906734	0.45466939747547497	0.4583032372842505	0.456394613614525	0.45610852963521814	0.45719988473902906	0.4569568370907263	
269	0.4550576159433807	0.45577404603734073	0.4542359730526675	0.45413816362906734	0.45466939747547497	0.4583032372842505	0.4566757253526257	0.45610852963521814	0.45719988473902906	0.4569568370907263	
270	0.4550576159433807	0.45577404603734073	0.4541870683408674	0.45413816362906734	0.45466939747547497	0.4583032372842505	0.4566757253526257	0.45610852963521814	0.45719988473902906	0.4569568370907263	
271	0.4550576159433807	0.45577404603734073	0.4541626159849674	0.45413816362906734	0.45466939747547497	0.4583032372842505	0.4566757253526257	0.45610852963521814	0.45719988473902906	0.4569568370907263	
272	0.4550576159433807	0.4554158309903607	0.4541626159849674	0.45413816362906734	0.45466939747547497	0.4583032372842505	0.4566757253526257	0.45610852963521814	0.45719988473902906	0.4569568370907263	
273	0.4550576159433807	0.4554158309903607	0.4541626159849674	0.4551233466321427	0.45466939747547497	0.4583032372842505	0.4566757253526257	0.45610852963521814	0.45719988473902906	0.4569568370907263	
274	0.4550576159433807	0.4554158309903607	0.4541626159849674	0.4551233466321427	0.45466939747547497	0.4583032372842505	0.456816281221676	0.45610852963521814	0.45719988473902906	0.4569568370907263	
275	0.4550576159433807	0.4554158309903607	0.4541626159849674	0.4551233466321427	0.45466939747547497	0.4583032372842505	0.456816281221676	0.45610852963521814	0.45719988473902906	0.45653268336297226	
276	0.4550576159433807	0.4554158309903607	0.4541626159849674	0.4551233466321427	0.45466939747547497	0.4583032372842505	0.456816281221676	0.4566542071871236	0.45719988473902906	0.45653268336297226	
277	0.4550576159433807	0.4552367234668707	0.4541626159849674	0.4551233466321427	0.45466939747547497	0.4583032372842505	0.456816281221676	0.4566542071871236	0.45719988473902906	0.45653268336297226	
278	0.4550576159433807	0.4552367234668707	0.4541626159849674	0.4551233466321427	0.45466939747547497	0.4583032372842505	0.4566744822923241	0.4566542071871236	0.45719988473902906	0.45653268336297226	
279	0.4550576159433807	0.4552367234668707	0.45464298130855507	0.4551233466321427	0.45466939747547497	0.4583032372842505	0.4566744822923241	0.4566542071871236	0.45719988473902906	0.45653268336297226	
280	0.4550576159433807	0.4552367234668707	0.4549398523877129	0.4551233466321427	0.45466939747547497	0.4583032372842505	0.4566744822923241	0.4566542071871236	0.45719988473902906	0.45653268336297226	
281	0.4558660491178524	0.4552367234668707	0.4549398523877129	0.4551233466321427	0.45466939747547497	0.4583032372842505	0.4566744822923241	0.4566542071871236	0.45719988473902906	0.45653268336297226	
282	0.4558660491178524	0.4552367234668707	0.45508828792729183	0.4551233466321427	0.45466939747547497	0.4583032372842505	0.4566744822923241	0.4566542071871236	0.45719988473902906	0.45653268336297226	
283	0.4558660491178524	0.45594546532699715	0.45508828792729183	0.4551233466321427	0.45466939747547497	0.4583032372842505	0.4566744822923241	0.4566542071871236	0.45719988473902906	0.45653268336297226	
284	0.4558660491178524	0.45594546532699715	0.45508828792729183	0.4551233466321427	0.45466939747547497	0.4583032372842505	0.4566744822923241	0.4566542071871236	0.4577515610116398	0.45653268336297226	
285	0.4558660491178524	0.45594546532699715	0.45508828792729183	0.4551233466321427	0.45466939747547497	0.4583032372842505	0.4566744822923241	0.4558712475572077	0.4577515610116398	0.45653268336297226	
286	0.4558660491178524	0.4559083564421024	0.45508828792729183	0.4551233466321427	0.45466939747547497	0.4583032372842505	0.4566744822923241	0.4558712475572077	0.4577515610116398	0.45653268336297226	
287	0.4558660491178524	0.4559083564421024	0.45508828792729183	0.45549729709467524	0.45466939747547497	0.4583032372842505	0.4566744822923241	0.4558712475572077	0.4577515610116398	0.45653268336297226	
288	0.4558660491178524	0.4559083564421024	0.45508828792729183	0.45549729709467524	0.45466939747547497	0.4583032372842505	0.4566744822923241	0.45681140428442374	0.4577515610116398	0.45653268336297226	
289	0.4558660491178524	0.4559083564421024	0.45508828792729183	0.45549729709467524	0.45466939747547497	0.4583032372842505	0.4566744822923241	0.45681140428442374	0.4577515610116398	0.45667204382369797	
290	0.4558660491178524	0.4559083564421024	0.45508828792729183	0.45549729709467524	0.45466939747547497	0.4583032372842505	0.4566744822923241	0.45728148264803176	0.4577515610116398	0.45667204382369797	
291	0.4558660491178524	0.4559083564421024	0.45508828792729183	0.45549729709467524	0.45466939747547497	0.4583032372842505	0.4566744822923241	0.45728148264803176	0.4580273991479451	0.45667204382369797	
292	0.4558660491178524	0.4559083564421024	0.45508828792729183	0.45549729709467524	0.45466939747547497	0.4583032372842505	0.4566744822923241	0.45765444089798846	0.4580273991479451	0.45667204382369797	
293	0.4558660491178524	0.4559083564421024	0.45508828792729183	0.45549729709467524	0.45466939747547497	0.4583032372842505	0.4566744822923241	0.45765444089798846	0.4580273991479451	0.4571632423608432	
294	0.4558660491178524	0.4567813986700454	0.45508828792729183	0.45549729709467524	0.45466939747547497	0.4583032372842505	0.4566744822923241	0.45765444089798846	0.4580273991479451	0.4571632423608432	
295	0.4558660491178524	0.4567813986700454	0.4559348432986686	0.45549729709467524	0.45466939747547497	0.4583032372842505	0.4566744822923241	0.45765444089798846	0.4580273991479451	0.4571632423608432	
296	0.4558660491178524	0.4567813986700454	0.4559348432986686	0.45657586899633185	0.45466939747547497	0.4583032372842505	0.4566744822923241	0.45765444089798846	0.4580273991479451	0.4571632423608432	
297	0.4558660491178524	0.4567813986700454	0.4559348432986686	0.45711515494716015	0.45466939747547497	0.4583032372842505	0.4566744822923241	0.45765444089798846	0.4580273991479451	0.4571632423608432	
298	0.4558660491178524	0.45721791978401694	0.4559348432986686	0.45711515494716015	0.45466939747547497	0.4583032372842505	0.4566744822923241	0.45765444089798846	0.4580273991479451	0.4571632423608432	
299	0.4558660491178524	0.45721791978401694	0.4559348432986686	0.45711515494716015	0.45466939747547497	0.4583032372842505	0.45691886232658363	0.45765444089798846	0.4580273991479451	0.4571632423608432	
300	0.4558660491178524	0.45721791978401694	0.4559348432986686	0.45711515494716015	0.45466939747547497	0.4583032372842505	0.4570410523437134	0.45765444089798846	0.4580273991479451	0.4571632423608432	
